50
18 14 15 3 14 16 4 11 5 2 11 17 15 14 18 3 18 15 2 3 11 3 12 0 10 0 8 5 2 18 18 17 1 0 8 16 13 12 12 2 7 0 18 14 7 14 3 4 4 14
6 10 5 15 3 7 12 11 19 0 18 8 8 0 19 11 6 7 8 6 5 19 18 0 15 14 16 7 16 14 0 11 8 18 14 9 4 16 14 10 9 12 19 1 2 4 3 19 9 7
17 6 16 7 9 3 19 14 15 4 16 9 18 16 18 12 6 17 15 8 16 8 2 14 13 15 16 16 2 16 4 9 2 4 12 9 16 6 2 2 15 16 5 12 19 15 17 4 14 3
4 19 2 1 13 13 17 13 13 0 15 14 5 1 2 8 15 6 0 11 8 9 12 17 13 8 14 2 16 17 16 3 10 12 9 13 19 19 2 2 2 9 14 9 14 18 14 6 3 14
12 8 13 3 7 18 13 17 15 19 1 4 19 1 7 16 12 5 12 12 8 16 11 15 15 9 16 12 16 18 9 0 16 4 0 6 6 3 5 14 11 8 18 4 4 17 13 2 4 3
12 5 11 2 4 9 15 10 6 8 15 4 1 9 1 19 2 3 12 12 12 19 1 7 5 10 9 19 8 19 8 0 11 18 0 16 8 4 5 5 10 18 16 0 15 4 6 12 19 13
2 5 16 13 5 7 12 18 5 4 18 19 12 8 16 18 18 18 5 19 9 4 2 9 9 18 7 18 3 1 3 10 6 6 3 4 0 8 3 7 16 6 10 5 12 0 17 13 6 8
17 19 4 8 0 18 5 7 12 14 12 9 2 10 11 15 10 11 4 10 0 5 7 14 7 17 5 2 8 13 15 19 17 8 9 6 10 9 0 1 19 1 6 0 11 14 13 4 17 19
16 9 10 17 5 5 14 9 14 12 10 19 17 13 13 17 17 0 5 13 11 2 16 14 12 14 16 10 13 5 12 7 1 1 4 19 6 5 19 18 7 8 14 10 12 19 0 15 18 12
16 2 9 16 19 18 3 19 15 17 10 11 2 0 17 6 15 6 3 12 18 15 5 8 18 0 1 9 4 5 6 17 17 1 18 13 16 13 13 8 13 15 9 16 1 1 19 4 3 19
11 9 2 6 10 7 0 9 3 8 7 106 111 118 119 18 3 0 6 18 5 3 9 18 16 10 15 16 3 8 19 6 10 15 9 19 1 17 5 14 18 18 14 11 1 17 0 12 15 16
18 18 0 5 13 4 13 7 5 6 10 99 14 29 9 8 17 19 15 13 17 11 11 17 13 11 16 9 11 4 2 7 0 8 16 14 19 17 0 1 3 1 11 9 19 19 15 19 3 5
6 1 4 3 9 15 4 15 5 10 3 84 1 43 4 13 0 15 8 10 3 10 16 5 14 0 18 18 4 8 11 7 17 8 10 19 0 10 10 12 0 4 15 4 2 11 6 8 4 6
16 6 12 8 18 5 12 7 6 19 12 73 62 49 17 6 10 10 5 5 8 14 14 3 9 16 3 16 18 14 1 1 15 1631 1632 1638 1643 1649 1656 1666 1673 1687 1695 1705 1719 1726 1730 1735 5 9
11 8 14 4 6 15 11 10 4 19 19 15 18 7 5 14 18 16 0 12 6 2 17 13 11 15 9 5 9 8 19 7 14 1623 1219 1228 1229 1238 1248 1260 1268 1282 1285 1291 1301 1315 1323 1745 7 9
13 13 11 12 15 6 2 0 16 1 17 7 0 5 6 1 2 2 6 11 10 15 15 3 3 11 12 15 17 12 1 7 1 1613 1210 837 842 853 854 866 881 893 904 906 914 929 1331 1746 8 17
13 2 18 2 13 9 18 15 10 18 3 15 1 5 18 3 7 1 6 10 9 0 15 3 11 14 2 0 11 15 9 10 14 1608 1198 824 519 521 522 533 542 557 566 572 587 932 1346 1753 7 3
7 4 9 8 8 18 0 19 7 13 0 7 6 11 2 4 2 8 16 13 9 8 3 5 11 10 19 6 2 15 4 18 5 1607 1192 816 509 267 281 288 294 301 314 323 588 943 1355 1765 1 7
8 5 9 19 2 9 6 19 15 0 6 12 5 2 3 1 16 1 10 12 12 1 10 13 5 5 0 10 8 10 1 16 4 1596 1178 805 508 263 116 122 137 138 152 332 603 945 1362 1766 10 18
12 15 6 14 12 4 5 12 1 1 15 10 5 11 7 2 3 7 13 10 19 8 14 4 9 15 0 5 11 12 4 10 16 1584 1171 792 502 261 105 21 32 35 156 337 618 949 1363 1774 0 2
16 19 10 19 5 19 9 1 11 4 7 5 1 3 9 8 4 3 4 14 10 11 17 4 11 7 5 0 19 15 8 1 12 1578 1166 786 488 248 102 14 1 40 171 344 622 951 1368 1776 7 2
14 16 14 18 1 4 8 6 16 16 0 9 17 9 9 3 4 1 4 0 7 16 12 2 8 6 12 13 18 19 3 7 3 1570 1153 775 480 239 91 13 4 44 181 356 633 955 1380 1786 12 0
7 6 10 8 6 8 19 4 3 9 13 3 10 0 7 10 7 2 13 7 3 1 5 19 11 18 1 18 3 18 18 18 4 1565 1151 762 473 234 78 70 55 52 185 367 638 967 1395 1789 11 13
5 1 11 0 18 11 2 14 4 15 0 15 15 3 10 8 19 10 17 12 8 10 15 19 8 9 11 11 15 3 17 9 0 1561 1142 756 458 223 212 211 208 205 194 379 647 970 1397 1797 5 8
14 6 18 5 8 5 9 17 12 1 19 7 12 13 15 2 7 9 16 15 2 8 3 15 7 13 5 9 17 9 11 10 13 1546 1133 742 447 444 429 419 407 394 385 383 662 982 1407 1802 14 12
8 16 11 7 3 11 14 19 7 5 19 8 1 5 15 12 12 16 7 3 7 19 14 7 12 14 9 13 17 14 12 11 9 1531 1124 734 728 719 718 715 710 700 686 681 675 989 1416 1804 12 16
6 3 17 14 12 2 5 16 4 1 15 3 12 3 2 9 2 9 17 19 15 19 14 12 19 10 12 5 13 11 9 10 4 1527 1122 1119 1112 1101 1086 1074 1061 1049 1035 1020 1007 993 1419 1814 9 1
14 19 10 6 0 7 13 1 1 18 6 10 3 1 6 18 14 11 5 2 6 0 14 13 0 6 19 15 16 13 15 12 18 1523 1517 1510 1495 1492 1483 1481 1472 1470 1459 1448 1444 1437 1426 1823 13 10
11 14 3 17 0 9 2 5 2 2 8 14 12 8 15 18 2 17 12 12 0 3 19 1 10 11 5 4 14 5 19 19 2 6 19 10 13 5 16 8 8 19 5 1866 1857 1855 1840 1831 10 17
18 17 18 11 8 3 13 5 1 7 2 15 1 15 18 12 14 10 18 1 5 3 3 5 18 15 17 19 19 12 14 4 11 6 9 2 16 18 15 12 10 1 12 8 2 9 17 6 8 18
17 18 15 4 5 19 1 0 0 6 1 8 7 11 7 11 10 17 17 9 3 16 0 3 14 14 9 6 5 19 8 10 13 18 16 4 13 11 4 3 11 2 10 7 4 8 14 19 3 9
17 1 5 17 3 12 8 15 9 17 9 3 7 5 10 11 9 18 4 16 12 11 13 9 0 17 2 8 0 19 2 0 9 14 2 0 6 6 4 6 11 3 6 14 5 8 9 7 14 4
1 6 17 5 14 10 12 13 3 12 12 3 19 8 9 3 9 7 15 5 12 19 15 8 19 7 10 14 1 0 3 18 12 17 3 12 3 5 6 0 17 2 19 6 16 4 12 17 15 19
16 10 7 6 1 15 0 12 5 7 18 4 11 9 2 5 2 9 3 10 2 2 16 0 9 12 15 11 16 15 14 17 14 9 2 11 9 17 1 16 4 13 1 17 15 5 5 2 9 0
18 13 19 9 2 4 14 2 15 15 3 6 12 8 4 1 12 6 6 9 11 4 13 14 16 18 4 13 8 4 17 4 16 14 6 16 13 963 973 976 986 997 1005 1013 1018 1031 1034 1045 1057 11
5 8 13 14 9 10 18 11 19 13 8 7 14 17 10 17 16 13 9 2 16 9 8 19 5 1 7 0 0 7 1 2 6 9 4 3 0 950 626 636 646 654 667 673 687 700 714 715 19 9
12 16 5 6 16 3 4 18 8 18 18 3 5 11 13 17 3 7 14 10 16 1 19 4 16 12 14 13 0 1 3 15 8 13 17 14 17 943 620 386 391 402 407 413 424 432 438 727 18 11
6 5 1 14 10 15 7 932 918 910 907 898 892 887 884 872 868 859 0 7 4 13 13 12 10 18 6 4 16 9 17 17 17 19 12 15 5 933 611 375 176 190 196 201 206 217 442 740 6 18
16 3 14 19 1 5 14 936 633 627 622 621 620 613 599 592 578 851 12 1 9 15 19 16 1 11 8 13 6 10 6 9 10 19 4 6 19 932 610 366 167 72 74 89 99 221 453 746 9 5
3 13 11 16 9 15 18 951 643 396 390 377 368 360 355 341 564 849 7 18 16 15 1 16 19 19 1 11 12 9 15 3 10 14 16 3 12 927 600 356 163 65 6 17 111 229 461 754 4 17
14 3 14 2 5 14 0 962 657 399 205 204 200 190 185 335 559 841 3 2 0 16 10 18 18 10 13 11 2 4 9 5 15 12 9 18 12 922 589 353 157 55 0 32 114 242 466 760 16 11
11 14 11 2 19 2 16 971 670 406 220 87 81 66 180 328 547 830 2 15 13 5 8 12 4 6 18 3 1 7 8 17 12 15 10 18 15 911 582 351 154 44 43 41 115 252 471 767 9 10
8 3 0 8 1 4 3 972 680 419 223 91 9 51 169 323 542 824 8 2 1 14 0 6 2 14 12 10 16 6 6 2 17 1 1 9 7 907 576 336 145 144 143 130 120 263 485 771 6 7
11 10 12 18 13 13 1 986 695 427 232 104 22 37 160 318 533 812 13 4 13 12 1 4 10 17 8 9 17 0 3 1 3 16 11 0 8 897 572 330 325 318 305 291 289 278 495 782 9 12
12 1 9 10 0 9 15 991 700 434 234 117 128 140 151 307 530 804 13 4 2 4 13 16 2 5 19 13 7 6 3 9 11 10 15 8 1 894 568 563 561 560 548 535 520 508 506 796 15 10
2 15 0 1 5 12 4 1005 709 444 241 256 269 278 288 296 524 796 16 9 1 13 10 6 12 3 13 19 0 15 7 10 9 9 0 1 17 883 872 866 853 852 844 840 830 821 815 808 4 18
11 3 6 3 17 11 15 1012 718 459 464 473 480 492 502 512 513 795 13 11 1 18 7 19 0 15 9 12 1 12 10 3 4 17 10 10 11 18 3 1 1 18 18 3 13 15 9 12 8 3
4 5 9 10 6 2 4 1025 722 728 731 743 749 753 765 777 780 794 4 13 11 0 5 4 6 0 18 11 1 17 4 4 15 4 12 19 10 7 19 14 7 10 5 16 4 19 2 5 15 1
2 1 4 13 13 12 11 1036 1051 1055 1069 1075 1083 1087 1099 1114 1124 1129 11 6 2 10 4 6 18 2 19 6 18 11 19 6 3 19 18 7 5 3 10 0 5 14 1 13 15 7 13 7 8 4
12 18 0 4 11 6 15 8 13 17 12 1 19 7 11 2 1 11 12 11 3 5 16 0 1 5 3 0 8 15 13 12 2 16 17 9 12 19 16 1 2 11 0 0 18 0 0 5 9 8
