99
9 4 16 9 16 14 19 5 16 14 8 12 8 1 17 4 4 9 4 15 19 16 18 6 6 2 11 18 9 7 6 15 6 9 14 19 19 16 5 3 16 16 4 12 18 11 0 5 10 18 19 7 17 19 5 13 3 13 1 5 6 12 11 6 16 0 0 16 1 0 12 5 2 9 18 8 4 5 4 12 6 1 9 1 0 2 17 11 16 15 12 4 19 1 10 10 3 9 12
14 4 2 10 1 3 7 9 13 14 7 3 7 18 13 7 18 5 14 13 12 12 1 16 3 4 3 19 7 10 15 8 6 1 7 17 1 7 11 13 9 8 10 9 12 10 3 11 12 8 10 17 8 14 7 18 19 9 5 18 9 11 11 12 13 16 11 9 11 14 0 14 1 14 6 4 17 12 19 11 13 1 16 9 15 3 4 13 18 5 12 16 1 12 4 14 14 17 5
8 13 3 4 9 18 19 10 18 8 19 8 14 12 8 9 10 9 3 12 10 1 1 8 0 5 6 15 4 8 11 18 4 10 11 19 5 18 17 15 11 4 18 2 13 12 0 0 7 7 6 13 19 5 18 8 3 10 8 19 2 5 12 6 8 13 15 14 2 18 6 8 5 5 18 10 7 3 2 13 17 7 3 5 18 4 2 12 11 4 4 5 10 16 10 4 17 0 9
17 5 15 2 18 10 6 7 12 8 16 19 6 10 2 0 16 3 12 5 14 18 16 0 17 6 8 2 8 14 2 17 11 17 8 3 16 9 5 13 4 13 15 12 12 0 1 15 15 4 7 1 3 0 8 1 2 5 3 12 3 3 3 9 1 2 12 4 3 19 17 3 4 17 16 8 14 15 10 9 5 3 15 16 2 3 2 3 8 12 16 15 13 1 19 15 18 9 5
8 19 2 2 18 7 0 3 14 18 9 3 10 16 19 11 4 4 9 4 6 5 18 11 5 5 10 10 9 11 5 6 16 11 9 1 19 7 6 8 1 12 0 11 5 9 1 7 15 12 6 8 2 18 11 16 0 8 12 12 13 3 14 11 12 8 13 0 0 0 12 7 6 9 8 5 0 2 8 7 1 12 12 13 10 14 3 0 1 17 15 10 7 3 0 4 4 17 4
0 5 8 13 4 5 9 3 3 17 11 4 3 8 8 5 18 19 19 3 9 8 5 6 6 5 15 16 5 15 19 5 1 12 0 6 11 6 11 3 12 1 16 18 11 3 17 0 5 5 13 10 4 16 16 17 17 10 10 17 10 3 13 4 12 15 3 1 5 12 12 15 16 0 19 0 11 1 3 10 13 8 13 0 1 11 5 12 16 5 17 12 3 14 12 6 19 0 2
16 8 13 11 12 7 10 7 12 19 15 17 14 18 16 11 14 13 11 0 0 1 3 19 3 4 5 0 10 3 13 0 3 9 3 13 13 9 14 14 10 19 1 4 0 16 4 6 7 18 13 15 0 6 0 17 13 9 8 4 16 5 11 11 12 9 3 6 10 10 1 12 5 19 19 15 16 3 5 11 15 10 13 7 16 1 16 2 3 10 6 8 5 8 9 15 1 18 17
9 7 18 19 7 13 16 12 19 15 19 19 13 7 19 3 19 13 4 10 19 11 8 9 13 8 7 17 9 18 6 17 10 1 17 0 4 2 12 9 16 8 1 14 9 6 7 7 5 18 10 11 4 0 9 3 7 1 16 17 17 1 0 6 18 3 15 8 18 17 8 3 5 16 3 10 2 16 17 4 1 15 19 4 16 6 3 9 17 13 14 14 14 8 3 17 9 5 13
7 14 9 9 8 2 13 18 6 13 18 9 3 8 16 10 2 7 18 12 11 12 15 9 0 13 2 5 6 10 4 17 16 15 10 5 8 17 17 19 16 10 11 10 4 9 2 5 0 6 15 10 13 16 19 1 7 17 8 1 17 2 15 4 12 15 17 10 1 11 12 16 10 8 7 18 19 18 8 7 1 17 5 19 10 16 13 14 10 19 13 15 14 5 15 7 15 10 13
15 13 15 4 3 5 0 2 0 11 16 19 0 12 3 13 9 11 16 18 0 3 6 17 3 12 14 2 8 13 9 6 4 10 6 15 2 9 9 9 8 6 9 2 0 18 17 9 7 1 17 5 7 0 3 4 5 17 17 6 17 18 16 4 4 6 11 1 3 9 8 15 2 2 17 1 16 7 11 8 1 6 15 19 7 14 14 7 1 3 11 6 13 5 10 8 5 9 12
16 8 11 4 1 15 12 0 0 14 15 4 11 11 14 1 18 4 13 10 9 11 15 0 7 12 19 0 13 2 9 17 10 3 5 2 18 1 12 9 4 7 14 16 8 5 11 12 16 3 8 8 19 0 13 19 8 9 16 13 16 19 1 19 6 3 4 5 2 9 18 0 16 19 15 16 14 19 15 12 13 10 9 3 12 18 8 9 5 18 0 2 8 8 4 18 9 16 12
18 13 3 9 2 8 3 12 4 18 17 75 88 90 100 18 0 12 6 2 5 11 10 19 7 9 9 3 9 6 18 0 5 8 16 18 3 13 1 11 3 18 19 11 16 5 12 4 2 15 1 9 16 16 5 16 15 19 15 10 1 9 13 6 1 14 6 18 18 6 15 13 14 5 9 7 5 12 18 11 14 18 9 18 13 15 19 13 6 11 16 13 1 10 9 12 3 15 19
11 0 3 19 1 16 0 4 15 11 1 65 5 20 103 4 17 17 5 12 0 17 12 17 19 2 18 2 11 14 16 5 17 1784 1792 1807 1820 1826 9 10 2 17 1 15 19 19 9 16 1 4 0 13 18 4 2 11 9 0 8 8 19 7 12 10 14 7 19 2 3 12 19 4 10 8 12 4 16 11 5 19 12 13 7 8 14 10 2 16 4 10 17 4 12 17 15 17 12 4 17
12 4 9 2 19 17 7 8 3 2 6 57 44 35 115 18 6 6 12 15 2 2 12 3 4 13 5 18 5 16 0 0 4 1778 1339 1347 1355 1369 1384 1391 1394 1401 1404 1409 1411 1418 1431 1446 19 0 14 1 15 11 7 0 13 19 19 3 4 10 7 10 16 15 10 13 4 10 7 12 8 9 11 15 8 2 0 2 0 18 15 9 1 17 11 16 8 7 2 13 9 10 0 14 15 17 1
16 15 9 0 0 6 9 14 1 18 4 11 14 7 38444 38449 38450 38457 38465 38476 38489 38499 38509 38522 38534 38546 38548 38556 38562 38577 38591 38606 38618 38625 38630 38638 38649 38653 38659 38661 38676 38683 38688 38693 38695 38701 38716 38721 38730 38735 38745 38748 38761 38768 38783 38798 38812 38827 38834 38843 38844 38848 38852 38863 38875 38877 38887 38890 38899 38912 38919 38931 38946 38947 38961 38976 38988 38992 38993 38995 38998 39000 39009 39020 39027 10 17 5 0 0 12 14 13 7 14 6 10 15 11
7 0 18 8 12 18 0 8 13 9 12 6 2 13 38440 36314 36317 36322 36333 36343 36352 36364 36379 36394 36408 36423 36426 36441 36444 36453 36463 36471 36483 36497 36505 36506 36514 36529 36531 36546 36560 36565 36573 36574 36588 36599 36614 36625 36632 36636 36645 36649 36654 36667 36675 36690 36703 36717 36722 36727 36731 36738 36748 36750 36755 36758 36766 36773 36783 36785 36786 36791 36805 36812 36819 36829 36841 36847 36852 36853 36862 36869 36874 36880 39035 9 2 15 4 15 17 13 3 15 0 0 14 9 8
2 8 10 11 16 17 11 1 13 1 15 2 11 9 38426 36307 34184 34186 34196 34199 34209 34223 34232 34242 34256 34258 34263 34270 34277 34281 34293 34308 34309 34315 34326 34329 34332 34339 34341 34344 34358 34365 34373 34378 34393 34398 34406 34413 34428 34438 34446 34447 34461 34476 34477 34484 34495 34503 34513 34523 34534 34536 34544 34559 34560 34566 34568 34575 34579 34593 34598 34607 34612 34617 34630 34635 34648 34652 34664 34673 34678 34688 34701 36883 39039 13 4 0 6 3 4 17 15 3 19 0 11 18 7
6 13 17 11 17 16 16 14 1 3 3 8 7 19 38414 36302 34177 32062 32075 32078 32083 32091 32100 32114 32126 32132 32137 32139 32146 32157 32165 32174 32184 32192 32201 32208 32216 32228 32238 32244 32256 32261 32273 32275 32278 32280 32287 32288 32298 32310 32323 32332 32336 32340 32353 32354 32359 32372 32379 32382 32397 32403 32412 32424 32433 32440 32455 32458 32473 32485 32494 32508 32513 32525 32531 32541 32554 32561 32574 32585 32594 32599 34707 36896 39040 3 4 2 7 4 16 14 17 11 14 10 10 5 4
7 4 1 3 4 8 1 3 6 12 13 9 14 5 38401 36291 34175 32054 30079 30089 30096 30098 30113 30119 30129 30134 30149 30156 30157 30170 30180 30190 30205 30211 30215 30223 30237 30244 30249 30253 30265 30275 30279 30287 30302 30311 30313 30320 30323 30337 30345 30358 30363 30368 30381 30388 30397 30407 30412 30417 30426 30436 30444 30448 30451 30460 30471 30479 30482 30484 30492 30501 30502 30508 30522 30528 30532 30534 30539 30552 30562 32613 34718 36902 39047 10 8 19 18 7 19 4 14 2 15 18 1 15 7
7 6 3 9 19 16 16 3 0 6 16 5 10 19 38386 36283 34167 32047 30071 28223 28227 28235 28247 28255 28258 28271 28274 28279 28291 28297 28308 28312 28313 28323 28331 28333 28334 28340 28350 28358 28373 28380 28384 28391 28403 28410 28424 28436 28445 28454 28457 28472 28478 28490 28496 28503 28513 28516 28524 28537 28543 28546 28547 28560 28570 28585 28591 28597 28607 28611 28618 28628 28640 28642 28654 28664 28679 28686 28690 28691 30563 32621 34719 36916 39048 14 7 6 1 9 0 4 6 18 14 2 6 19 12
0 17 3 8 12 10 17 10 7 4 1 10 1 9 38379 36268 34155 32039 30064 28222 26357 26364 26374 26380 26393 26404 26405 26413 26423 26426 26439 26454 26468 26481 26489 26504 26509 26512 26527 26537 26548 26550 26552 26560 26570 26584 26597 26612 26622 26629 26634 26636 26647 26648 26660 26664 26672 26673 26680 26682 26691 26705 26717 26732 26735 26736 26750 26753 26755 26765 26775 26776 26782 26787 26788 26793 26802 26811 26822 28692 30570 32635 34731 36923 39062 15 5 4 14 18 18 12 7 13 13 5 9 19 2
19 5 2 1 7 4 0 3 15 11 17 12 1 4 38374 36266 34146 32033 30062 28217 26348 24494 24500 24510 24525 24531 24538 24541 24543 24553 24565 24570 24583 24585 24592 24595 24607 24614 24629 24632 24642 24648 24663 24676 24681 24688 24700 24709 24722 24727 24730 24741 24744 24749 24755 24756 24762 24768 24771 24780 24792 24803 24805 24806 24818 24826 24836 24839 24854 24857 24861 24865 24877 24878 24888 24899 24906 24919 26835 28697 30576 32644 34746 36936 39070 12 1 8 6 9 16 10 10 0 15 7 19 13 15
15 6 18 12 7 9 10 5 12 14 14 16 15 1 38365 36257 34132 32030 30057 28211 26341 24481 22715 22728 22733 22747 22748 22752 22765 22773 22777 22792 22805 22819 22832 22837 22844 22845 22856 22871 22883 22888 22901 22905 22909 22913 22918 22919 22926 22933 22943 22950 22963 22967 22970 22975 22984 22996 23004 23017 23023 23037 23041 23043 23046 23052 23067 23068 23078 23091 23094 23104 23112 23120 23121 23127 23142 24929 26839 28698 30586 32656 34749 36947 39079 4 9 8 3 0 17 16 0 4 0 15 15 0 8
7 13 18 15 1 17 15 19 13 13 5 6 17 10 38362 36244 34122 32019 30050 28200 26332 24469 22713 21022 21035 21037 21045 21051 21058 21059 21069 21076 21079 21086 21093 21100 21106 21120 21127 21139 21147 21157 21165 21173 21185 21190 21191 21203 21210 21215 21221 21234 21243 21250 21259 21266 21277 21284 21290 21304 21308 21322 21335 21343 21358 21362 21370 21380 21384 21394 21396 21405 21411 21426 21429 21437 23149 24942 26842 28702 30594 32671 34755 36959 39081 4 18 5 1 3 7 3 5 13 4 19 13 15 14
1 0 17 0 13 10 19 19 9 10 6 4 7 11 38354 36240 34121 32014 30044 28191 26317 24457 22712 21017 19361 19372 19380 19385 19389 19404 19419 19425 19433 19446 19460 19475 19481 19492 19494 19505 19507 19514 19517 19518 19529 19537 19538 19543 19551 19559 19567 19581 19585 19595 19598 19610 19617 19631 19638 19651 19664 19671 19682 19697 19707 19708 19716 19719 19720 19728 19741 19746 19749 19750 19765 21446 23157 24957 26854 28708 30596 32682 34756 36970 39086 0 10 15 16 17 16 11 2 6 12 6 16 4 12
10 10 9 7 10 19 5 7 5 16 11 12 5 40586 38345 36227 34120 32009 30036 28176 26310 24449 22711 21002 19357 17799 17812 17827 17833 17846 17855 17861 17866 17870 17884 17887 17901 17904 17913 17919 17921 17923 17924 17938 17943 17944 17957 17962 17977 17988 18000 18005 18014 18026 18031 18039 18045 18060 18073 18076 18079 18081 18096 18107 18120 18128 18141 18148 18158 18160 18164 18178 18193 18196 19772 21453 23161 24960 26867 28711 30599 32683 34759 36972 39096 2 7 14 0 13 14 11 18 9 16 8 17 17 17
3 18 5 7 18 9 13 10 2 18 2 15 11 40579 38342 36217 34113 32004 30034 28171 26298 24445 22704 20992 19348 17797 16412 16426 16428 16443 16454 16468 16472 16484 16486 16487 16496 16511 16517 16519 16533 16543 16550 16552 16565 16574 16586 16600 16601 16609 16622 16629 16637 16652 16655 16659 16664 16674 16688 16702 16712 16720 16730 16734 16739 16742 16754 16759 16761 16768 16769 16781 16782 18199 19787 21468 23168 24971 26869 28712 30609 32690 34764 36984 39106 0 4 9 17 5 2 4 19 8 7 1 8 13 13
14 19 7 10 4 4 19 0 17 4 18 9 0 40575 38327 36206 34107 32003 30026 28161 26295 24431 22690 20977 19343 17794 16404 15026 15030 15041 15050 15056 15067 15069 15077 15091 15103 15116 15124 15129 15133 15143 15151 15154 15158 15161 15167 15169 15179 15181 15193 15204 15218 15228 15229 15241 15249 15260 15262 15271 15284 15298 15299 15304 15306 15318 15325 15331 15335 15340 15342 15351 16794 18210 19789 21476 23176 24983 26880 28716 30620 32698 34777 36986 39110 6 0 10 8 10 0 19 19 18 8 13 0 2 4
4 13 0 15 2 4 12 3 13 4 12 0 17 40566 38312 36194 34097 31994 30018 28154 26288 24423 22687 20976 19341 17788 16400 15017 13590 13597 13612 13614 13624 13628 13640 13651 13661 13673 13684 13699 13710 13713 13725 13740 13752 13753 13760 13771 13776 13787 13798 13810 13817 13821 13830 13839 13846 13851 13856 13865 13874 13887 13890 13905 13910 13921 13924 13935 13939 13950 13963 15358 16807 18217 19796 21478 23183 24990 26882 28721 30626 32704 34783 36998 39125 5 18 5 13 6 5 18 9 19 19 11 13 9 19
7 14 6 16 0 4 4 2 18 6 10 10 10 40562 38305 36192 34095 31991 30009 28142 26282 24415 22686 20966 19333 17783 16390 15007 13586 12341 12346 12358 12361 12371 12380 12386 12388 12393 12394 12397 12411 12419 12431 12439 12442 12449 12456 12458 12469 12484 12494 12500 12507 12512 12522 12536 12551 12555 12558 12563 12564 12570 12575 12581 12591 12593 12601 12602 12616 12625 13965 15367 16812 18227 19803 21490 23196 25005 26884 28732 30636 32715 34793 37004 39135 9 6 12 17 11 17 18 1 19 8 17 11 3 5
16 10 2 10 12 9 3 13 16 8 11 18 7 40547 38303 36177 34089 31982 29997 28139 26271 24402 22683 20955 19319 17773 16376 14992 13583 12331 11073 11074 11083 11095 11106 11108 11117 11127 11138 11144 11145 11146 11149 11151 11164 11169 11173 11188 11199 11213 11221 11222 11228 11233 11241 11243 11244 11256 11268 11276 11286 11292 11296 11307 11315 11319 11328 11334 11348 12637 13969 15379 16816 18237 19815 21500 23211 25015 26886 28734 30648 32721 34802 37018 39150 13 17 17 18 17 10 3 18 2 9 3 7 5 13
13 10 18 7 18 16 12 1 1 13 19 9 6 40544 38294 36176 34079 31970 29996 28133 26267 24396 22682 20947 19310 17761 16366 14979 13569 12326 11070 9913 9926 9936 9944 9950 9962 9966 9972 9977 9991 9994 10000 10014 10023 10026 10040 10049 10057 10063 10070 10085 10087 10089 10099 10112 10124 10138 10142 10147 10153 10163 10175 10189 10201 10205 10212 10223 11355 12644 13982 15392 16817 18238 19827 21512 23218 25022 26899 28748 30658 32730 34817 37023 39158 12 4 5 16 14 8 12 14 3 4 11 13 10 5
3 13 11 7 4 4 2 1 2 13 18 4 9 40534 38292 36173 34076 31958 29981 28132 26255 24386 22676 20946 19302 17752 16360 14974 13568 12315 11060 9904 8820 8827 8830 8843 8852 8856 8867 8873 8884 8889 8901 8911 8923 8935 8936 8940 8942 8943 8958 8959 8960 8975 8986 8990 9003 9011 9021 9027 9039 9043 9050 9063 9069 9074 9083 10238 11360 12645 13997 15398 16827 18239 19834 21518 23219 25025 26907 28754 30671 32735 34829 37038 39163 0 16 18 9 1 6 16 7 10 14 1 5 3 15
9 18 5 18 19 12 12 8 19 16 3 8 16 40531 38288 36172 34068 31950 29968 28118 26253 24374 22666 20943 19298 17741 16346 14964 13566 12308 11051 9899 8809 7739 7748 7754 7768 7771 7783 7788 7790 7795 7808 7810 7811 7817 7829 7830 7838 7839 7852 7863 7874 7889 7893 7908 7911 7923 7925 7933 7947 7960 7972 7973 7986 7995 9084 10251 11362 12655 14006 15405 16838 18246 19838 21523 23233 25031 26913 28768 30678 32742 34841 37046 39178 4 8 5 12 14 12 16 3 0 2 8 1 1 9
13 9 0 11 18 14 5 9 1 12 6 12 13 40516 38276 36169 34058 31941 29957 28108 26240 24362 22656 20937 19292 17726 16331 14950 13554 12303 11042 9894 8800 7728 6749 6763 6769 6774 6783 6787 6788 6799 6802 6803 6816 6826 6836 6840 6844 6847 6862 6874 6879 6893 6896 6902 6907 6910 6919 6931 6945 6952 6954 6962 6964 7996 9090 10258 11376 12669 14018 15418 16853 18257 19840 21536 23244 25045 26920 28770 30686 32750 34847 37047 39185 17 18 15 2 18 5 15 12 4 17 8 14 1 13
6 16 2 5 0 8 2 7 8 7 1 14 0 40502 38271 36163 34044 31938 29953 28096 26225 24357 22651 20936 19290 17717 16317 14945 13553 12292 11041 9885 8787 7716 6745 5797 5808 5810 5818 5833 5838 5849 5864 5877 5880 5884 5899 5912 5913 5921 5933 5943 5958 5967 5971 5980 5981 5996 6003 6017 6021 6022 6026 6037 6977 8002 9103 10268 11381 12676 14021 15419 16854 18268 19850 21543 23252 25057 26921 28772 30698 32765 34851 37048 39192 9 11 6 6 9 17 12 15 19 14 11 17 18 15
3 4 15 10 4 11 18 1101 1086 1084 1080 1069 1063 40490 38270 36158 34042 31935 29945 28094 26219 24355 22638 20935 19288 17707 16313 14932 13548 12291 11032 9873 8777 7706 6731 5795 5047 5055 5058 5062 5071 5076 5081 5083 5089 5103 5107 5113 5128 5138 5149 5151 5158 5172 5179 5186 5195 5201 5213 5226 5228 5235 5238 6041 6979 8010 9110 10277 11396 12682 14027 15433 16857 18269 19863 21548 23262 25059 26934 28782 30707 32766 34857 37050 39207 4 1 1 0 8 2 10 10 17 7 16 19 9 11
7 8 4 4 2 13 14 768 754 750 742 731 728 40484 38264 36157 34038 31923 29937 28083 26214 24347 22623 20933 19284 17700 16309 14928 13536 12287 11018 9866 8767 7694 6717 5787 5040 4313 4326 4330 4336 4344 4353 4363 4367 4370 4384 4390 4391 4401 4405 4411 4419 4434 4444 4445 4456 4470 4471 4482 4497 4498 5253 6056 6981 8021 9121 10286 11398 12696 14034 15447 16865 18280 19870 21558 23270 25071 26947 28797 30722 32777 34869 37051 39211 13 17 4 14 7 0 5 13 17 11 0 9 8 15
3 19 3 13 18 9 18 775 488 478 474 469 454 40470 38250 36152 34023 31914 29924 28069 26201 24343 22614 20919 19270 17697 16295 14921 13533 12286 11015 9858 8757 7691 6709 5786 5031 4298 3560 3571 3583 3598 3601 3610 3618 3621 3629 3632 3639 3643 3652 3657 3660 3662 3675 3690 3691 3705 3718 3722 3724 4503 5261 6068 6986 8030 9132 10295 11407 12707 14036 15462 16875 18290 19875 21573 23281 25081 26959 28802 30733 32781 34884 37054 39216 1 1 12 10 12 2 6 6 6 15 8 11 14 14
19 10 14 7 6 19 1 787 491 266 257 254 244 40466 38235 36150 34009 31900 29914 28061 26196 24337 22611 20915 19269 17696 16283 14920 13526 12277 11012 9845 8752 7681 6701 5778 5026 4297 3547 2894 2902 2906 2910 2919 2934 2949 2955 2956 2970 2980 2992 2994 3005 3013 3014 3019 3033 3043 3051 3060 3736 4511 5267 6077 6994 8042 9133 10300 11411 12714 14038 15467 16879 18303 19886 21574 23285 25090 26966 28813 30743 32784 34890 37065 39225 11 14 1 11 5 3 5 7 14 12 16 1 5 2
5 3 17 1 3 16 19 801 492 280 110 108 94 40456 38233 36141 33998 31887 29900 28060 26182 24335 22610 20909 19260 17685 16269 14919 13512 12263 11005 9836 8751 7676 6696 5768 5024 4287 3546 2884 2347 2351 2359 2360 2361 2365 2380 2385 2389 2390 2404 2408 2415 2422 2434 2447 2455 2469 2474 3061 3746 4513 5273 6091 7008 8055 9139 10310 11413 12727 14046 15470 16888 18318 19893 21582 23286 25096 26971 28826 30757 32789 34897 37076 39231 16 12 11 11 4 10 0 3 9 7 6 13 1 7
9 1 4 17 3 18 9 808 504 281 125 18 8 40453 38223 36140 33993 31872 29898 28058 26178 24322 22600 20901 19257 17670 16257 14906 13505 12253 10996 9831 8745 7671 6692 5759 5014 4272 3540 2882 2344 1907 1913 1916 1919 1928 1940 1952 1967 1976 1982 1990 2003 2018 2020 2031 2040 2041 2484 3067 3752 4519 5277 6094 7016 8069 9152 10318 11420 12730 14057 15472 16901 18319 19907 21585 23287 25098 26977 28840 30759 32799 34903 37085 39241 19 3 9 14 15 5 8 5 15 15 16 2 6 16
11 13 1 13 1 19 15 812 510 289 139 26 6 40450 38214 36138 33981 31865 29897 28047 26167 24314 22585 20891 19245 17657 16249 14903 13499 12239 10983 9828 8740 7656 6682 5758 4999 4264 3529 2873 2343 1903 1492 1499 1509 1514 1518 1524 1534 1536 1551 1554 1557 1563 1564 1577 1585 2053 2488 3070 3759 4525 5278 6096 7031 8084 9157 10328 11426 12734 14066 15477 16903 18325 19922 21597 23300 25106 26979 28852 30766 32808 34915 37087 39254 16 2 8 16 12 9 9 2 4 9 9 19 0 12
7 5 4 18 5 19 16 825 512 302 153 32 44 40448 38206 36123 33975 31863 29885 28037 26166 24303 22576 20888 19232 17656 16248 14901 13494 12238 10972 9813 8727 7645 6669 5749 4994 4253 3514 2868 2337 1900 1488 1020 1021 1033 1041 1049 1054 1066 1073 1087 1095 1107 1118 1132 1589 2064 2498 3076 3764 4537 5288 6108 7046 8089 9172 10339 11436 12741 14077 15479 16909 18335 19927 21609 23312 25107 26981 28866 30774 32814 34928 37090 39266 18 11 13 8 3 10 6 4 7 0 5 0 15 16
14 0 3 18 2 13 14 839 527 315 158 162 170 40443 38204 36118 33965 31850 29880 28029 26160 24297 22564 20886 19226 17653 16236 14888 13486 12233 10971 9811 8716 7640 6662 5735 4993 4248 3505 2857 2330 1895 1476 1007 693 706 713 716 722 726 730 737 744 750 758 1141 1597 2066 2510 3082 3777 4541 5289 6122 7052 8098 9176 10353 11451 12748 14079 15485 16913 18336 19932 21611 23316 25112 26983 28875 30780 32824 34934 37093 39272 14 8 5 5 15 8 3 2 3 15 3 6 17 2
0 12 16 14 6 8 19 841 541 316 328 334 336 40429 38195 36110 33955 31840 29873 28016 26147 24288 22549 20873 19211 17652 16231 14879 13482 12228 10962 9797 8709 7631 6656 5727 4984 4242 3504 2845 2317 1893 1463 1000 692 453 462 476 483 498 503 506 513 523 761 1154 1601 2079 2513 3083 3778 4542 5297 6126 7062 8111 9184 10358 11458 12750 14080 15497 16914 18349 19933 21612 23321 25127 26989 28884 30784 32839 34941 37098 39273 7 0 10 14 19 7 4 8 10 6 7 9 8 2
13 0 12 4 14 10 9 843 542 547 562 571 583 40423 38187 36107 33947 31834 29862 28001 26144 24277 22536 20861 19197 17647 16229 14866 13472 12213 10960 9791 8700 7617 6642 5720 4979 4238 3503 2844 2313 1879 1456 999 687 440 228 239 246 254 265 276 285 524 767 1169 1602 2086 2516 3098 3791 4543 5299 6139 7066 8117 9186 10365 11467 12753 14093 15507 16922 18353 19935 21621 23322 25140 26999 28893 30790 32847 34955 37100 39275 16 2 18 12 3 2 2 19 18 1 1 9 7 19
9 1 2 12 11 3 4 852 862 871 880 887 899 40421 38172 36092 33942 31827 29853 27989 26132 24274 22528 20850 19183 17634 16217 14858 13460 12199 10956 9786 8692 7606 6636 5708 4978 4224 3492 2831 2308 1868 1452 984 682 435 222 116 128 132 136 145 300 525 782 1184 1616 2090 2531 3108 3802 4557 5306 6150 7073 8121 9198 10380 11481 12758 14100 15513 16924 18357 19948 21622 23327 25147 27003 28902 30795 32856 34968 37114 39283 13 18 7 8 2 14 19 16 16 14 8 11 1 11
0 0 6 0 9 15 8 14 8 3 0 17 15 40414 38166 36086 33929 31818 29847 27985 26121 24270 22524 20836 19170 17627 16211 14855 13458 12187 10951 9783 8686 7595 6628 5706 4964 4212 3490 2821 2305 1858 1445 980 670 427 221 105 18 28 41 154 305 537 789 1196 1629 2091 2541 3121 3808 4559 5313 6162 7088 8129 9206 10383 11492 12765 14111 15516 16927 18371 19955 21625 23329 25158 27011 28916 30806 32861 34971 37121 39291 10 0 14 6 10 19 10 19 11 14 2 2 6 3
15 0 16 10 4 11 16 0 10 15 1 0 9 40399 38163 36074 33926 31810 29846 27976 26117 24263 22516 20835 19169 17613 16202 14853 13454 12184 10941 9782 8672 7587 6625 5701 4951 4209 3488 2808 2292 1854 1437 977 659 423 219 98 8 2 47 163 317 540 802 1207 1636 2095 2547 3133 3810 4574 5327 6163 7096 8140 9215 10389 11500 12769 14116 15522 16933 18384 19970 21631 23344 25173 27023 28923 30810 32872 34978 37126 39299 3 17 18 19 1 0 11 3 12 14 6 8 11 0
6 13 15 2 12 7 5 7 16 2 7 9 5 40396 38153 36063 33911 31800 29834 27970 26107 24249 22509 20827 19158 17600 16196 14838 13450 12177 10940 9767 8658 7572 6610 5699 4944 4206 3486 2802 2280 1839 1424 962 650 413 205 86 77 67 62 170 322 551 812 1215 1641 2097 2549 3134 3818 4577 5338 6177 7097 8145 9228 10397 11513 12780 14127 15535 16941 18393 19985 21634 23350 25186 27035 28925 30819 32878 34980 37138 39312 4 1 13 10 9 9 4 2 16 19 19 5 9 5
19 12 18 2 19 5 5 18 12 13 18 4 15 40393 38146 36057 33901 31798 29827 27964 26096 24243 22498 20816 19143 17589 16189 14827 13442 12173 10932 9762 8652 7560 6607 5698 4937 4191 3482 2801 2276 1825 1415 954 639 399 199 196 189 186 173 172 327 552 818 1224 1647 2105 2560 3141 3833 4591 5352 6189 7111 8146 9241 10401 11519 12783 14137 15536 16951 18400 19990 21641 23364 25188 27041 28928 30825 32888 34982 37139 39321 5 13 5 13 4 3 11 17 6 2 11 0 12 17
9 3 15 5 17 2 3 0 0 10 11 12 18 40386 38143 36045 33891 31786 29817 27954 26086 24242 22490 20807 19142 17580 16183 14820 13431 12164 10920 9755 8646 7554 6597 5686 4932 4181 3467 2792 2264 1824 1408 953 632 391 389 379 377 362 354 345 342 561 826 1234 1652 2116 2563 3142 3841 4602 5356 6199 7113 8158 9243 10402 11529 12784 14147 15546 16959 18411 19999 21643 23373 25203 27047 28942 30827 32902 34993 37150 39328 19 4 8 15 14 15 13 3 14 19 8 6 1 1
11 19 6 15 14 12 12 5 11 0 9 8 11 40382 38135 36044 33890 31783 29808 27942 26072 24241 22477 20797 19135 17566 16174 14815 13417 12150 10908 9753 8640 7549 6587 5682 4929 4171 3460 2788 2260 1820 1394 949 622 620 614 613 605 604 595 589 580 570 831 1244 1654 2122 2571 3143 3844 4617 5371 6207 7119 8170 9251 10407 11533 12799 14148 15550 16968 18418 20010 21658 23387 25209 27058 28952 30842 32904 35001 37151 39334 11 14 10 1 1 11 2 12 5 12 17 19 16 0
1 13 8 9 13 18 10 19 14 10 6 19 4 40367 38130 36032 33884 31769 29804 27939 26064 24228 22474 20791 19128 17559 16173 14814 13405 12138 10907 9738 8635 7539 6581 5678 4922 4170 3457 2779 2254 1807 1386 947 933 932 918 909 896 886 884 875 861 847 846 1251 1665 2127 2574 3151 3851 4623 5381 6215 7121 8172 9265 10415 11536 12803 14153 15557 16969 18426 20024 21659 23393 25222 27059 28954 30855 32917 35003 37152 39337 12 3 9 17 12 15 3 5 0 12 16 5 4 12
8 13 17 14 17 4 13 14 3 9 18 18 16 40358 38116 36029 33875 31759 29791 27925 26058 24221 22464 20777 19126 17548 16161 14799 13390 12124 10899 9734 8627 7533 6573 5666 4911 4160 3444 2777 2252 1800 1376 1368 1354 1349 1342 1327 1324 1319 1316 1311 1299 1289 1274 1260 1679 2140 2585 3163 3855 4624 5388 6216 7128 8173 9274 10427 11540 12804 14163 15565 16983 18439 20039 21662 23406 25231 27069 28964 30859 32925 35018 37163 39352 0 1 16 0 2 14 4 10 15 17 1 8 0 15
11 6 6 17 13 8 14 7 6 5 8 6 11 40357 38109 36026 33860 31745 29780 27915 26049 24209 22450 20769 19112 17540 16159 14790 13381 12113 10898 9733 8622 7519 6568 5651 4902 4154 3440 2773 2240 1785 1784 1773 1769 1761 1757 1742 1739 1734 1726 1721 1716 1706 1694 1693 1691 2142 2587 3174 3861 4635 5390 6219 7129 8184 9289 10442 11546 12811 14169 15567 16984 18454 20053 21675 23409 25237 27084 28967 30869 32932 35020 37174 39354 10 12 18 7 2 10 12 6 2 5 8 6 16 8
14 18 2 1 10 1 12 14 3 5 8 11 7 40349 38107 36018 33854 31741 29772 27904 26048 24202 22435 20754 19097 17525 16157 14777 13375 12103 10891 9725 8614 7506 6566 5646 4893 4152 3432 2763 2237 2227 2223 2222 2220 2218 2217 2211 2207 2202 2199 2193 2190 2175 2174 2164 2163 2149 2590 3188 3873 4648 5392 6230 7130 8189 9301 10453 11549 12826 14177 15568 16986 18463 20062 21677 23418 25240 27091 28973 30878 32947 35026 37183 39369 14 16 15 18 12 7 17 18 18 2 1 15 14 12
8 6 8 2 5 11 5 8 19 18 2 14 0 40346 38092 36006 33846 31736 29764 27895 26034 24192 22434 20745 19093 17524 16149 14765 13360 12089 10888 9717 8610 7494 6562 5632 4891 4151 3419 2757 2755 2754 2752 2737 2723 2710 2697 2694 2693 2678 2663 2651 2643 2631 2625 2617 2608 2601 2600 3199 3884 4653 5398 6234 7136 8197 9307 10465 11559 12838 14178 15578 16988 18464 20074 21679 23432 25245 27103 28982 30880 32953 35029 37191 39382 15 2 7 8 14 15 17 2 13 8 16 0 0 18
9 10 2 4 8 9 16 18 7 7 7 5 19 40331 38087 36002 33836 31724 29759 27880 26025 24181 22432 20733 19085 17513 16134 14761 13357 12074 10886 9715 8595 7492 6551 5631 4890 4140 3412 3404 3396 3381 3366 3354 3339 3333 3323 3317 3305 3291 3279 3278 3270 3267 3259 3252 3237 3231 3216 3208 3893 4656 5413 6239 7146 8211 9310 10468 11569 12844 14191 15580 16994 18472 20078 21682 23444 25253 27115 28983 30889 32965 35044 37202 39396 2 7 13 15 15 4 0 17 0 4 15 11 4 3
16 2 10 14 12 11 0 2 14 14 4 6 4 40316 38072 35995 33830 31717 29750 27875 26012 24172 22422 20719 19076 17510 16125 14754 13349 12059 10874 9711 8587 7486 6548 5622 4884 4136 4134 4128 4114 4101 4095 4085 4072 4067 4061 4054 4041 4033 4018 4003 3991 3980 3970 3956 3945 3941 3928 3915 3908 4670 5427 6246 7152 8212 9316 10473 11583 12846 14204 15584 16996 18474 20085 21687 23453 25262 27117 28989 30894 32968 35051 37213 39407 5 4 3 3 11 2 13 8 7 17 7 16 7 10
0 11 0 14 18 2 10 4 8 7 10 10 9 40303 38061 35984 33824 31716 29747 27864 25999 24165 22415 20705 19062 17508 16114 14746 13341 12046 10859 9704 8578 7481 6547 5615 4879 4874 4861 4847 4839 4825 4815 4809 4798 4797 4791 4783 4777 4768 4757 4751 4746 4741 4734 4730 4718 4706 4698 4692 4684 4679 5429 6255 7166 8222 9321 10476 11596 12855 14217 15590 17010 18478 20093 21702 23464 25267 27128 28991 30903 32969 35060 37217 39414 7 2 12 7 16 12 15 6 16 3 1 5 7 13
8 3 15 7 17 15 5 9 13 12 3 9 11 40295 38056 35969 33810 31701 29739 27863 25994 24160 22402 20695 19052 17493 16112 14741 13334 12037 10844 9697 8576 7475 6538 5608 5605 5603 5601 5599 5592 5582 5577 5576 5571 5567 5563 5559 5552 5540 5537 5531 5518 5510 5502 5488 5486 5472 5465 5464 5450 5447 5442 6269 7169 8230 9326 10489 11604 12860 14221 15591 17018 18491 20108 21717 23478 25268 27136 28995 30909 32980 35067 37220 39417 3 7 8 11 18 5 6 7 10 17 13 13 4 7
17 6 16 7 2 9 5 15 1 14 18 6 11 40281 38044 35956 33805 31691 29733 27862 25987 24151 22389 20690 19043 17484 16110 14732 13330 12035 10836 9696 8567 7463 6529 6516 6513 6512 6497 6496 6492 6480 6468 6454 6449 6439 6427 6413 6401 6392 6382 6372 6363 6354 6350 6345 6340 6325 6312 6306 6302 6294 6280 6270 7182 8234 9329 10493 11618 12869 14236 15595 17022 18506 20112 21723 23482 25280 27137 29004 30911 32990 35075 37221 39425 14 6 14 17 15 14 8 6 15 14 9 8 9 6
3 5 7 12 8 16 8 17 2 0 0 12 9 40271 38038 35955 33793 31688 29719 27854 25979 24150 22386 20681 19034 17477 16104 14727 13318 12034 10822 9681 8566 7449 7444 7438 7430 7426 7421 7406 7393 7381 7378 7367 7362 7353 7340 7325 7324 7321 7316 7309 7294 7293 7279 7267 7258 7254 7240 7229 7224 7216 7202 7190 7189 8243 9333 10507 11633 12872 14242 15597 17031 18521 20124 21730 23495 25294 27151 29010 30918 33003 35078 37231 39431 6 19 9 16 15 8 8 14 16 4 2 15 10 3
15 9 6 5 9 19 1 4 13 5 8 13 18 40270 38034 35949 33782 31675 29714 27844 25974 24138 22373 20668 19027 17472 16090 14725 13303 12021 10820 9676 8562 8551 8545 8530 8515 8503 8490 8481 8476 8462 8459 8448 8440 8427 8422 8413 8398 8386 8378 8365 8353 8340 8338 8324 8322 8309 8298 8285 8279 8275 8267 8263 8253 8252 9347 10516 11643 12887 14255 15605 17036 18524 20128 21738 23500 25302 27154 29015 30933 33012 35091 37232 39446 5 12 16 15 8 13 0 15 15 2 8 15 2 4
0 12 14 18 12 15 6 5 1 10 8 10 6 40266 38023 35946 33781 31661 29704 27833 25963 24133 22369 20665 19020 17467 16078 14717 13292 12007 10806 9663 9652 9650 9635 9620 9609 9596 9585 9583 9572 9560 9545 9537 9532 9522 9509 9495 9491 9488 9485 9478 9470 9462 9456 9448 9433 9419 9417 9405 9393 9385 9372 9368 9359 9352 9349 10530 11656 12894 14264 15609 17037 18529 20137 21752 23515 25309 27160 29019 30937 33015 35096 37246 39455 7 9 11 13 14 13 3 8 7 4 0 15 2 18
12 12 10 10 15 11 15 3 11 12 9 6 6 40260 38018 35942 33773 31652 29691 27828 25953 24129 22357 20660 19011 17463 16076 14710 13283 12006 10801 10790 10782 10779 10766 10762 10761 10758 10756 10753 10751 10750 10747 10738 10726 10720 10719 10709 10704 10692 10677 10673 10669 10662 10651 10646 10645 10637 10627 10615 10602 10595 10580 10573 10565 10552 10546 10539 11662 12909 14273 15622 17041 18539 20142 21762 23527 25323 27163 29028 30940 33016 35111 37250 39464 7 15 4 6 1 0 10 4 0 8 7 17 15 9
12 2 1 18 17 10 15 9 18 12 6 13 6 40246 38013 35931 33762 31644 29689 27813 25949 24123 22347 20650 18996 17457 16067 14702 13274 12000 11990 11987 11976 11964 11950 11945 11939 11928 11921 11914 11909 11900 11885 11879 11870 11865 11850 11849 11843 11838 11827 11820 11811 11798 11795 11783 11771 11756 11750 11738 11736 11734 11731 11725 11721 11708 11695 11681 11670 12917 14274 15632 17043 18551 20146 21763 23540 25330 27173 29031 30953 33020 35120 37252 39479 12 4 9 16 18 8 18 14 14 6 12 12 10 4
3 15 14 0 7 2 17 1 12 12 5 18 3 40245 38007 35922 33757 31642 29680 27808 25944 24116 22336 20637 18990 17442 16066 14699 13265 13254 13248 13237 13230 13224 13216 13202 13193 13183 13169 13165 13158 13147 13146 13133 13127 13117 13108 13106 13095 13081 13066 13053 13052 13047 13037 13023 13021 13016 13010 13000 12998 12995 12988 12977 12964 12954 12947 12938 12928 12924 14289 15641 17045 18558 20154 21772 23545 25332 27186 29032 30966 33035 35123 37254 39494 7 16 19 3 14 12 1 17 15 19 16 17 12 1
7 12 2 2 7 15 19 1 14 9 12 18 2 40234 37995 35914 33751 31630 29676 27793 25932 24108 22321 20633 18989 17436 16060 14686 14675 14672 14658 14657 14648 14637 14623 14610 14599 14585 14573 14571 14558 14545 14533 14529 14517 14508 14499 14490 14476 14467 14461 14450 14437 14430 14427 14413 14405 14391 14387 14386 14385 14375 14369 14358 14353 14342 14331 14330 14319 14311 14298 15651 17047 18569 20158 21787 23551 25346 27200 29047 30975 33048 35137 37260 39496 4 11 1 0 1 0 18 12 9 0 2 3 4 7
13 12 5 16 9 14 3 9 10 17 4 8 17 40232 37981 35913 33748 31627 29670 27792 25931 24095 22317 20624 18984 17430 16049 16042 16030 16015 16002 15988 15983 15978 15968 15964 15957 15943 15931 15927 15914 15907 15898 15884 15871 15859 15854 15847 15845 15833 15828 15813 15805 15797 15793 15783 15780 15774 15761 15759 15756 15746 15738 15731 15725 15710 15700 15692 15683 15680 15670 15662 17058 18573 20166 21800 23558 25356 27212 29051 30980 33053 35150 37265 39499 3 15 4 17 5 6 15 9 18 10 0 12 4 7
18 0 18 5 14 7 5 2 18 9 9 9 11 40224 37976 35901 33738 31614 29659 27790 25923 24082 22308 20611 18982 17424 17421 17417 17402 17392 17385 17378 17369 17356 17342 17339 17326 17322 17315 17313 17301 17287 17276 17274 17260 17259 17253 17244 17239 17230 17229 17227 17222 17208 17207 17205 17190 17189 17180 17174 17159 17154 17146 17136 17130 17119 17110 17105 17096 17086 17075 17063 17061 18580 20173 21801 23559 25362 27216 29063 30984 33065 35151 37280 39504 1 0 5 14 6 2 7 13 5 3 5 13 16 1
16 8 14 18 1 3 0 1 2 8 13 12 15 40215 37972 35888 33736 31600 29656 27784 25913 24080 22302 20596 18979 18970 18968 18960 18952 18947 18943 18936 18934 18932 18928 18916 18914 18904 18897 18887 18882 18868 18855 18842 18839 18825 18818 18806 18797 18783 18773 18761 18755 18746 18741 18727 18719 18714 18702 18695 18690 18684 18677 18665 18656 18643 18634 18630 18628 18627 18622 18614 18603 18592 20179 21813 23574 25373 27222 29076 30989 33078 35158 37282 39512 12 14 0 18 7 10 8 6 9 17 4 0 13 5
11 2 11 16 3 10 14 2 3 12 0 13 7 40201 37963 35883 33731 31589 29643 27769 25912 24068 22301 20595 20592 20580 20570 20564 20560 20554 20539 20526 20523 20518 20503 20488 20476 20464 20453 20443 20435 20432 20430 20425 20419 20415 20400 20394 20390 20378 20373 20363 20353 20339 20330 20319 20314 20310 20308 20307 20293 20281 20274 20272 20265 20258 20248 20239 20237 20223 20213 20212 20204 20199 20184 21814 23588 25386 27229 29079 30990 33089 35165 37296 39516 0 1 14 17 2 3 9 8 8 12 1 10 5 7
11 11 12 11 15 13 0 7 1 13 5 7 17 40188 37958 35871 33718 31578 29634 27761 25909 24062 22288 22277 22272 22258 22255 22250 22247 22237 22228 22219 22206 22202 22198 22191 22185 22170 22156 22152 22139 22126 22115 22113 22111 22099 22094 22089 22081 22071 22056 22055 22046 22034 22023 22010 21998 21991 21978 21969 21956 21946 21943 21938 21923 21913 21910 21903 21895 21880 21868 21854 21848 21837 21833 21824 23597 25400 27230 29084 30991 33100 35177 37298 39526 4 2 14 1 14 9 17 19 17 13 2 19 9 0
1 11 2 0 11 2 19 1 15 2 15 17 11 40185 37946 35867 33717 31564 29632 27750 25894 24051 24050 24037 24034 24027 24018 24007 24001 23987 23978 23969 23968 23955 23949 23935 23925 23911 23900 23895 23892 23884 23880 23870 23856 23852 23839 23831 23823 23810 23809 23804 23789 23785 23775 23767 23766 23762 23751 23749 23738 23726 23711 23710 23708 23703 23701 23687 23685 23670 23659 23645 23639 23636 23621 23616 23606 25404 27232 29099 31006 33113 35181 37313 39537 1 13 18 5 5 13 11 12 14 16 15 15 13 1
3 5 6 9 17 17 0 19 6 17 19 5 1 40178 37933 35856 33711 31558 29626 27736 25884 25878 25865 25864 25858 25853 25841 25837 25835 25831 25816 25807 25796 25793 25787 25780 25767 25753 25745 25737 25723 25715 25707 25702 25694 25688 25678 25670 25663 25657 25644 25634 25630 25627 25619 25618 25605 25601 25593 25588 25575 25561 25555 25542 25528 25527 25519 25506 25491 25483 25482 25477 25467 25454 25439 25431 25421 25416 27246 29107 31009 33120 35184 37327 39547 7 17 13 10 6 19 2 13 18 11 19 6 16 15
14 2 10 0 12 16 7 15 8 16 1 2 17 40174 37920 35851 33702 31550 29618 27721 27713 27708 27701 27697 27683 27670 27660 27653 27645 27637 27632 27627 27621 27613 27604 27592 27588 27583 27576 27572 27569 27565 27562 27548 27547 27542 27529 27521 27506 27495 27484 27474 27469 27464 27449 27436 27429 27420 27416 27405 27403 27389 27380 27370 27359 27356 27344 27334 27319 27313 27307 27305 27298 27293 27283 27271 27270 27256 27248 29111 31021 33129 35185 37328 39554 3 3 13 13 9 1 4 12 16 8 0 16 15 13
16 18 19 12 13 17 3 14 14 17 3 13 14 40160 37905 35842 33690 31543 29607 29600 29585 29579 29564 29560 29555 29546 29536 29528 29521 29518 29511 29501 29488 29479 29472 29467 29460 29455 29445 29437 29427 29417 29416 29407 29392 29379 29364 29362 29350 29344 29336 29323 29322 29309 29305 29293 29290 29279 29269 29259 29247 29241 29232 29230 29223 29221 29218 29208 29203 29193 29181 29180 29175 29168 29157 29143 29138 29129 29118 29112 31022 33131 35190 37334 39562 2 12 16 4 16 18 2 16 13 17 2 10 9 12
13 5 4 3 3 17 9 11 1 14 17 8 13 40149 37903 35838 33683 31533 31532 31520 31505 31493 31478 31466 31465 31451 31438 31432 31421 31420 31417 31406 31396 31387 31373 31363 31349 31338 31333 31323 31317 31316 31304 31296 31282 31272 31271 31261 31257 31252 31247 31242 31241 31238 31224 31213 31205 31190 31189 31174 31161 31156 31155 31143 31133 31119 31118 31113 31106 31103 31097 31085 31075 31068 31066 31062 31053 31052 31037 31034 31028 33146 35191 37348 39564 3 11 16 9 17 14 0 10 0 17 11 1 16 1
7 4 10 7 14 8 17 11 11 5 15 5 13 40148 37902 35823 33674 33663 33662 33652 33639 33624 33611 33599 33587 33579 33564 33557 33552 33546 33537 33532 33530 33518 33509 33497 33493 33487 33478 33474 33463 33452 33449 33445 33434 33432 33425 33421 33417 33403 33397 33393 33380 33371 33359 33348 33337 33331 33322 33314 33301 33286 33285 33271 33265 33257 33254 33252 33248 33244 33232 33230 33224 33216 33214 33199 33192 33178 33173 33170 33161 33155 35200 37355 39566 9 2 7 15 12 16 5 3 8 0 7 1 5 3
16 9 11 0 1 4 4 8 16 14 16 7 9 40146 37901 35819 35808 35805 35799 35788 35781 35776 35767 35754 35746 35737 35731 35717 35713 35700 35687 35674 35668 35659 35652 35645 35632 35623 35612 35607 35598 35586 35578 35566 35553 35539 35530 35520 35514 35510 35497 35487 35476 35468 35457 35455 35445 35440 35426 35419 35418 35405 35393 35382 35367 35352 35348 35344 35338 35326 35315 35311 35296 35284 35275 35263 35261 35249 35246 35235 35222 35212 35206 37358 39576 19 12 9 10 17 14 10 16 9 7 15 3 11 8
11 14 4 5 11 7 4 1 3 13 10 11 11 40138 37891 37882 37878 37865 37854 37844 37831 37819 37814 37803 37796 37794 37788 37785 37771 37760 37758 37756 37755 37742 37739 37738 37724 37723 37712 37703 37691 37681 37676 37670 37660 37657 37648 37633 37620 37608 37606 37597 37589 37575 37564 37563 37549 37545 37541 37536 37522 37514 37501 37497 37495 37491 37485 37473 37464 37451 37446 37445 37440 37430 37420 37414 37408 37402 37399 37398 37385 37384 37378 37364 39582 17 4 12 15 6 1 5 2 10 17 18 3 8 2
0 3 16 8 12 5 0 17 17 11 6 1 5 40137 40132 40127 40117 40110 40107 40094 40087 40086 40084 40076 40070 40055 40042 40029 40027 40018 40008 40005 40003 39999 39996 39988 39980 39973 39958 39956 39952 39950 39946 39942 39938 39937 39932 39925 39916 39904 39893 39887 39873 39858 39856 39853 39838 39836 39822 39821 39810 39802 39795 39789 39781 39769 39756 39749 39741 39731 39717 39705 39704 39701 39692 39689 39682 39667 39658 39644 39630 39616 39611 39604 39589 17 6 2 0 0 11 14 1 2 1 4 6 19 9
9 16 8 19 11 7 6 5 2 18 1 8 9 13 6 8 16 12 16 8 7 12 15 8 15 4 6 14 11 10 15 4 11 6 13 5 11 16 9 18 10 13 4 1 13 6 8 2 17 12 8 14 6 3 17 2 12 13 2 13 3 18 0 8 5 14 19 9 18 18 3 10 5 11 6 0 10 3 18 3 3 5 6 15 14 7 5 11 19 18 10 18 6 5 1 11 12 14 10
17 3 6 8 11 15 8 1 16 6 3 16 18 2 7 13 8 5 5 8 2 5 13 13 7 14 9 11 17 17 15 15 0 6 16 19 0 16 19 2 13 11 0 3 12 18 17 10 8 2 16 9 8 11 19 11 2 10 16 9 4 10 17 14 7 15 19 17 18 8 1 12 8 0 12 11 16 3 5 1 15 1 10 1 10 4 8 9 3 9 8 4 10 5 4 2 1 10 17
9 3 3 3 5 12 12 0 15 10 17 1 9 13 14 9 16 17 15 11 11 16 5 7 3 15 9 8 8 2 11 8 12 2 13 7 1 17 13 0 3 14 0 10 18 19 5 10 13 9 2 18 0 3 17 6 15 17 9 8 7 18 14 1 1 8 2 14 5 19 18 0 5 1 17 8 5 0 3 17 5 8 16 19 9 7 5 4 16 6 15 9 16 10 19 4 1 11 19
19 1 15 19 3 2 6 2 10 18 1 14 10 7 8 4 3 1 9 9 7 9 13 6 3 7 9 19 9 3 2 6 4 12 16 8 11 1 17 0 2 0 0 7 9 12 0 8 14 17 3 1 5 19 15 6 14 3 8 4 15 4 5 4 3 2 11 9 10 4 7 12 18 0 19 7 17 3 13 3 8 5 0 17 3 9 19 19 6 4 9 19 19 12 9 6 17 13 19
6 1 15 11 16 15 17 6 0 7 17 10 13 0 4 17 10 13 12 1 1 10 8 6 13 17 10 5 2 2 14 4 12 16 7 13 6 1 0 16 7 11 13 19 18 19 14 0 18 11 19 13 16 11 8 19 0 9 7 1 14 2 8 18 9 2 0 18 0 19 9 0 9 1 0 0 6 10 0 16 18 8 19 16 4 17 19 10 10 11 2 10 1 0 5 6 18 13 1
13 4 11 15 13 5 1 6 2 2 10 2 9 15 2 15 1 17 16 15 1 14 11 4 15 6 13 17 15 16 11 3 6 17 19 7 0 2 14 2 4 12 18 19 8 7 3 12 17 15 0 16 19 15 8 9 8 19 6 17 17 5 1 1 18 2 16 8 19 6 1 9 11 5 9 0 12 7 0 18 14 11 1 15 17 3 11 12 5 11 1 9 5 11 11 16 16 1 6
2 14 4 10 6 13 14 14 16 1 12 16 12 2 19 14 3 2 9 8 9 3 2 6 0 6 4 5 19 4 13 9 3 7 0 13 6 8 9 10 0 16 17 17 19 1 17 16 2 10 5 11 5 9 4 19 11 8 14 18 19 2 10 12 1 8 10 6 16 8 15 17 4 0 1 9 10 5 3 3 17 6 3 16 12 0 13 14 9 16 0 8 0 19 8 17 4 16 2
13 5 3 17 11 19 5 2 10 14 8 15 11 6 0 19 6 5 11 17 17 15 1 18 17 5 14 11 10 9 16 12 9 17 15 2 4 14 16 3 6 2 2 15 19 9 15 9 10 1 6 8 18 12 3 19 6 15 8 4 4 8 10 0 19 11 8 17 15 8 19 8 10 15 13 17 1 18 4 13 0 15 9 2 9 17 10 13 2 13 4 17 3 4 0 18 11 11 12
4 13 6 13 17 13 5 3 12 7 19 5 7 16 4 13 16 4 6 11 3 19 0 14 11 14 10 6 2 9 11 13 14 18 7 11 18 13 11 11 8 14 19 9 16 10 8 17 12 6 10 5 13 7 3 2 14 3 5 3 1 0 4 18 11 14 8 19 19 4 14 6 1 2 8 8 10 13 2 17 15 6 14 17 19 16 3 5 15 4 2 19 5 10 13 4 7 9 12
12 8 7 1 3 11 14 19 11 14 7 6 18 10 1 9 6 6 0 8 2 12 14 8 2 19 9 8 14 10 15 12 2 5 10 9 14 18 16 3 1 5 2 13 15 15 11 16 16 8 7 13 5 15 9 12 5 16 10 9 4 8 11 16 14 6 13 13 19 14 10 0 18 1 15 11 4 0 4 6 15 18 11 14 11 3 16 9 15 2 5 17 18 1 2 19 11 0 11
2 11 11 1 0 19 8 5 11 18 0 11 16 4 16 18 9 3 19 13 0 8 3 9 8 13 9 8 18 18 5 18 19 13 17 5 13 15 1 18 6 0 2 9 18 14 19 18 7 5 1 6 17 9 2 4 13 16 4 13 0 9 15 12 5 10 8 6 3 14 7 16 12 14 16 3 15 13 5 1 15 9 8 12 15 8 2 4 16 3 11 8 6 14 12 10 8 17 1
19 19 13 16 12 4 13 9 6 7 18 12 16 14 4 16 11 19 16 13 10 15 11 16 11 3 9 2 7 3 10 14 9 5 3 7 2 18 8 17 17 15 4 15 6 15 5 17 19 0 18 14 2 12 15 5 8 0 16 11 1 7 9 12 17 16 16 0 10 19 11 8 11 7 19 5 9 8 17 3 8 11 0 1 0 11 7 8 8 1 5 17 2 15 19 16 1 16 0
3 12 7 2 10 11 14 16 4 7 13 11 18 13 12 5 2 11 5 12 15 3 13 15 19 4 8 7 13 13 11 12 16 19 9 2 15 10 13 10 3 1 8 19 14 7 2 14 13 9 9 17 16 8 1 11 9 17 1 17 14 19 6 19 11 0 2 2 15 8 0 17 10 15 10 17 3 6 1 14 6 0 0 10 17 5 8 0 19 2 7 5 1 17 8 10 0 8 1
3 18 9 10 1 16 17 6 10 9 2 6 13 1 9 10 16 13 4 15 2 4 2 18 4 13 12 3 15 19 12 19 7 5 5 19 3 3 2 1 13 16 14 17 3 11 16 6 18 7 6 9 6 10 11 9 14 17 4 3 5 5 15 4 0 6 19 8 18 19 4 10 7 13 16 5 17 2 0 9 16 13 19 15 2 5 19 13 9 19 9 13 13 0 8 15 6 18 5
