100
12 1 16 4 18 0 13 18 5 11 18 5 5 17 14 7 17 14 13 10 3 9 12 7 9 0 16 6 0 19 13 14 13 10 2 12 1 5 4 6 9 0 8 4 19 4 0 2 12 3 4 3 11 12 5 14 16 11 15 7 0 9 0 5 8 3 4 1 12 19 6 13 18 8 10 18 15 11 17 3 14 2 2 15 10 4 2 5 17 12 3 18 18 11 16 2 14 16 8 10
6 18 12 13 0 1 14 10 17 17 11 14 2 0 11 11 9 17 4 19 6 0 12 5 1 11 11 8 2 14 4 2 8 3 6 8 10 5 11 11 16 18 16 7 16 19 8 16 0 3 17 6 19 14 18 9 10 7 8 5 17 16 15 12 18 5 17 4 1 4 8 12 12 7 15 17 1 18 7 1 2 11 11 12 17 7 6 1 8 18 6 19 2 2 13 13 3 12 15 15
4 8 11 18 15 15 3 5 17 17 1 1 8 0 0 10 16 1 18 19 8 17 11 0 14 9 72561 72558 72553 72547 72540 72530 72526 72514 72509 72496 72487 72484 72470 72465 72464 72452 72442 72428 72419 72406 72405 72393 72392 72377 72368 72355 72349 72335 72323 72320 72310 72301 72296 72293 72283 72279 72273 72270 72260 72257 72244 72237 72235 72223 72208 72203 72197 72192 72179 72173 72165 72152 72148 72146 72138 72128 72114 72102 72087 72072 72065 72064 72059 72048 72038 72029 72015 72003 71992 71985 71972 4 10 9
18 10 69725 69721 69719 69710 69704 69698 69695 69682 69680 69667 69652 69649 69637 69631 69618 69617 69604 69602 69591 69584 69581 69568 69561 69552 69549 69536 69535 69532 69518 69514 69503 69498 69494 69479 69478 69472 69462 69449 69446 69441 69434 69429 69423 69409 69400 69385 69379 69376 69362 69361 69356 69342 69334 69324 69314 69305 69303 69290 69285 69270 69257 69252 69246 69234 69229 69228 69218 69213 69205 69194 69186 69171 69157 69148 69141 69134 69130 69116 69109 69096 69085 69072 69059 69050 69046 69043 69035 69021 69006 69000 68991 68984 68970 68963 71964 16 11 1
5 16 69732 66855 66851 66850 66837 66831 66824 66817 66815 66813 66800 66798 66793 66779 66774 66765 66756 66747 66732 66721 66706 66701 66699 66698 66696 66692 66682 66671 66662 66658 66649 66642 66631 66621 66617 66609 66604 66602 66596 66587 66574 66562 66557 66550 66541 66534 66524 66512 66502 66488 66482 66481 66474 66469 66466 66453 66442 66433 66427 66419 66412 66398 66396 66390 66387 66376 66367 66356 66341 66333 66320 66305 66298 66293 66281 66269 66268 66257 66250 66245 66235 66228 66214 66205 66195 66183 66170 66159 66148 66143 66137 66129 66122 68962 71949 14 4 7
9 4 69742 66856 63930 63920 63917 63907 63893 63882 63871 63858 63844 63830 63816 63802 63792 63782 63775 63773 63764 63763 63748 63738 63726 63722 63712 63711 63702 63687 63672 63670 63658 63652 63651 63648 63647 63645 63635 63629 63623 63612 63604 63596 63593 63590 63575 63563 63553 63551 63539 63537 63535 63520 63508 63499 63495 63492 63478 63463 63455 63446 63441 63439 63438 63427 63422 63413 63407 63401 63386 63383 63378 63371 63364 63355 63342 63335 63330 63316 63311 63303 63291 63288 63276 63261 63251 63240 63230 63219 63216 63209 63194 63186 66117 68947 71939 14 3 7
11 18 69754 66865 63931 61144 61137 61136 61121 61110 61096 61088 61084 61080 61079 61075 61062 61052 61047 61046 61040 61033 61019 61011 61004 60998 60987 60973 60962 60958 60953 60947 60933 60921 60907 60894 60887 60881 60870 60859 60857 60844 60830 60828 60820 60807 60803 60789 60786 60784 60778 60768 60758 60744 60730 60724 60711 60701 60687 60684 60679 60666 60662 60652 60645 60643 60635 60620 60615 60601 60590 60585 60581 60574 60561 60560 60545 60537 60534 60530 60524 60516 60507 60492 60488 60478 60470 60468 60463 60453 60451 60450 60436 63172 66113 68944 71934 16 7 19
3 17 69760 66867 63934 61157 58345 58339 58327 58321 58311 58296 58291 58285 58272 58270 58259 58253 58247 58235 58224 58210 58198 58189 58187 58184 58181 58177 58164 58158 58144 58134 58131 58117 58107 58106 58105 58102 58091 58077 58074 58065 58053 58043 58035 58028 58025 58022 58021 58016 58008 58006 57992 57983 57982 57979 57973 57971 57964 57957 57956 57945 57940 57927 57915 57902 57887 57874 57870 57866 57855 57851 57843 57832 57824 57818 57816 57815 57812 57809 57800 57798 57787 57786 57781 57780 57768 57755 57751 57736 57732 57730 60432 63171 66110 68931 71931 14 2 1
12 4 69761 66868 63936 61163 58357 55602 55592 55587 55585 55579 55575 55562 55557 55555 55544 55530 55529 55519 55509 55501 55495 55480 55477 55469 55466 55463 55453 55450 55437 55426 55412 55400 55396 55388 55374 55373 55358 55355 55347 55346 55331 55326 55320 55310 55300 55285 55274 55273 55258 55244 55234 55228 55223 55216 55202 55192 55184 55182 55173 55164 55149 55143 55134 55125 55116 55114 55101 55096 55084 55083 55068 55053 55041 55026 55019 55010 54996 54985 54970 54965 54952 54947 54942 54928 54923 54918 54913 54909 54907 57719 60419 63156 66103 68928 71920 10 19 10
11 6 69767 66871 63950 61166 58358 55614 52843 52841 52828 52821 52819 52818 52805 52798 52794 52792 52782 52776 52772 52759 52750 52745 52731 52723 52718 52707 52701 52691 52682 52670 52655 52646 52632 52622 52609 52605 52595 52588 52586 52577 52573 52563 52555 52540 52532 52529 52518 52513 52500 52493 52492 52486 52478 52470 52462 52456 52450 52442 52436 52431 52424 52415 52412 52410 52406 52398 52384 52375 52371 52357 52345 52342 52330 52324 52316 52304 52289 52281 52271 52267 52258 52250 52235 52228 52225 52221 52212 52204 54906 57712 60406 63146 66102 68920 71914 15 2 14
2 10 69777 66881 63953 61175 58359 55621 52849 50285 50270 50256 50245 50231 50226 50215 50212 50197 50184 50183 50175 50162 50150 50142 50137 50132 50130 50128 50114 50111 50103 50095 50088 50079 50073 50066 50065 50054 50043 50040 50027 50016 50012 50005 50004 49990 49981 49966 49962 49960 49948 49937 49923 49920 49919 49918 49906 49905 49898 49895 49884 49873 49871 49868 49853 49852 49837 49836 49823 49813 49809 49801 49796 49782 49777 49774 49769 49762 49753 49744 49737 49725 49712 49711 49703 49688 49682 49676 49672 52203 54901 57697 60393 63132 66096 68917 71910 19 1 15
10 9 69785 66888 63968 61186 58373 55631 52862 50296 47882 47868 47860 47845 47844 47843 47838 47830 47818 47814 47809 47808 47806 47802 47801 47800 47786 47774 47773 47758 47753 47740 47739 47734 47728 47717 47707 47696 47684 47672 47663 47649 47634 47631 47619 47608 47607 47604 47602 47600 47596 47592 47591 47583 47580 47567 47556 47552 47546 47540 47528 47517 47514 47505 47501 47488 47478 47464 47460 47459 47448 47444 47429 47420 47415 47410 47406 47399 47398 47389 47378 47376 47373 47371 47356 47354 47350 47335 49664 52191 54892 57692 60390 63128 66092 68905 71901 15 18 8
19 10 69800 66890 63969 61201 58377 55646 52870 50308 47885 45560 45556 45546 45534 45526 45513 45508 45493 45488 45477 45474 45471 45457 45448 45441 45431 45420 45405 45400 45386 45383 45379 45368 45360 45349 45340 45333 45327 45325 45319 45311 45304 45300 45289 45283 45272 45258 45248 45240 45229 45224 45222 45221 45220 45213 45204 45200 45190 45177 45172 45160 45152 45144 45133 45132 45117 45105 45098 45091 45081 45076 45062 45061 45060 45059 45051 45039 45030 45017 45015 45005 44993 44990 44980 44973 44960 47322 49658 52179 54883 57689 60376 63120 66089 68899 71891 15 18 3
18 2 69814 66895 63982 61209 58386 55654 52880 50312 47898 45566 43186 43185 43176 43167 43164 43157 43156 43148 43146 43132 43130 43127 43126 43116 43108 43101 43100 43096 43093 43090 43081 43069 43068 43056 43044 43033 43018 43011 42997 42987 42982 42967 42953 42948 42936 42921 42907 42903 42892 42885 42877 42873 42863 42851 42845 42830 42821 42812 42802 42797 42788 42785 42779 42771 42756 42752 42747 42739 42734 42723 42713 42706 42692 42677 42664 42653 42646 42640 42633 42621 42618 42608 42604 42591 44951 47319 49652 52175 54878 57675 60374 63114 66087 68892 71882 11 8 11
3 16 69816 66896 63988 61221 58399 55655 52894 50327 47905 45567 43199 40841 40837 40836 40824 40817 40810 40804 40791 40779 40776 40773 40769 40754 40739 40725 40722 40711 40709 40706 40705 40700 40695 40681 40666 40653 40649 40638 40629 40621 40617 40615 40606 40604 40599 40594 40591 40588 40577 40573 40561 40546 40532 40530 40522 40507 40494 40481 40472 40467 40453 40451 40450 40446 40440 40426 40419 40416 40412 40400 40388 40381 40369 40358 40350 40348 40341 40338 40328 40322 40314 40299 40284 42581 44937 47309 49638 52173 54863 57672 60370 63110 66077 68890 71872 19 15 1
4 8 69820 66898 63999 61233 58405 55663 52909 50339 47913 45576 43201 40853 38576 38570 38556 38544 38538 38534 38525 38513 38503 38501 38487 38484 38472 38463 38455 38441 38427 38422 38411 38408 38398 38390 38382 38375 38366 38352 38339 38330 38317 38312 38309 38306 38293 38278 38274 38260 38253 38243 38236 38228 38215 38214 38207 38204 38195 38181 38180 38178 38166 38164 38156 38150 38139 38128 38115 38105 38096 38088 38085 38071 38056 38053 38040 38030 38022 38019 38014 38001 37988 37976 40280 42571 44933 47297 49637 52159 54859 57657 60367 63097 66068 68884 71865 17 4 14
2 10 69825 66912 64006 61244 58414 55674 52924 50345 47918 45580 43209 40866 38579 36277 36269 36264 36261 36252 36250 36242 36233 36222 36211 36197 36191 36190 36179 36167 36161 36152 36147 36137 36127 36120 36110 36108 36101 36089 36085 36080 36074 36063 36055 36044 36030 36018 36015 36009 35998 35992 35991 35984 35983 35969 35967 35961 35947 35942 35932 35929 35920 35908 35901 35900 35885 35875 35864 35849 35840 35826 35820 35807 35804 35803 35793 35781 35773 35765 35750 35743 35733 37968 40269 42565 44919 47292 49632 52144 54847 57649 60357 63095 66063 68882 71855 12 19 16
7 10 69829 66922 64013 61247 58415 55684 52928 50358 47928 45584 43220 40867 38586 36288 34170 34165 34162 34147 34139 34124 34109 34094 34079 34076 34064 34050 34048 34038 34023 34020 34017 34014 33999 33995 33987 33977 33974 33968 33954 33942 33938 33935 33931 33918 33915 33905 33896 33895 33890 33878 33866 33856 33849 33845 33833 33818 33813 33798 33793 33792 33790 33784 33773 33761 33755 33742 33728 33720 33707 33692 33690 33689 33685 33681 33668 33666 33664 33654 33652 33651 35732 37958 40262 42552 44908 47287 49625 52129 54833 57637 60347 63094 66054 68876 71854 17 15 9
19 1 69837 66927 64015 61257 58426 55691 52938 50373 47933 45586 43234 40868 38592 36297 34185 31998 31997 31994 31983 31969 31962 31954 31947 31942 31934 31929 31927 31917 31907 31895 31882 31873 31870 31860 31855 31852 31847 31843 31836 31822 31815 31810 31807 31793 31779 31770 31755 31748 31745 31733 31718 31714 31705 31702 31688 31683 31670 31664 31659 31651 31645 31635 31620 31612 31600 31592 31589 31581 31571 31560 31556 31555 31542 31539 31527 31523 31518 31507 31497 33649 35722 37954 40260 42539 44894 47276 49622 52127 54823 57636 60335 63079 66051 68861 71840 15 12 12
11 19 69849 66934 64017 61266 58428 55704 52947 50388 47948 45591 43245 40871 38598 36307 34192 32005 29994 29986 29973 29969 29966 29952 29944 29932 29917 29903 29892 29891 29883 29872 29858 29847 29843 29831 29819 29807 29796 29795 29794 29784 29772 29762 29748 29743 29731 29725 29710 29701 29695 29680 29668 29658 29656 29644 29629 29615 29614 29599 29594 29589 29585 29577 29566 29563 29548 29542 29535 29528 29520 29519 29516 29503 29489 29476 29461 29457 29455 29450 31483 33634 35710 37943 40252 42536 44882 47275 49616 52112 54820 57634 60333 63072 66036 68846 71837 5 9 17
10 10 69855 66935 64023 61278 58441 55718 52962 50396 47958 45601 43248 40876 38610 36314 34201 32014 30004 28077 28076 28072 28061 28056 28050 28035 28021 28007 28005 27997 27990 27979 27973 27971 27960 27948 27943 27929 27916 27908 27893 27888 27879 27876 27864 27851 27837 27823 27813 27806 27803 27796 27783 27774 27769 27761 27755 27754 27750 27736 27734 27724 27718 27709 27696 27686 27676 27675 27669 27657 27656 27647 27642 27635 27621 27618 27613 27603 27597 29442 31475 33623 35697 37938 40248 42531 44869 47261 49608 52104 54808 57622 60328 63058 66021 68840 71831 3 10 13
6 18 69868 66938 64024 61281 58445 55723 52974 50397 47967 45608 43262 40885 38621 36320 34204 32027 30016 28087 26215 26214 26213 26199 26190 26183 26182 26171 26159 26158 26149 26134 26119 26112 26098 26096 26082 26069 26059 26056 26050 26040 26036 26027 26020 26005 25992 25978 25967 25959 25958 25946 25931 25924 25912 25909 25902 25901 25887 25874 25871 25860 25846 25833 25825 25821 25815 25801 25790 25780 25766 25754 25741 25732 25727 25722 25720 25709 27595 29436 31468 33611 35685 37926 40247 42520 44855 47246 49604 52096 54803 57618 60320 63054 66019 68825 71825 13 4 18
3 19 69878 66945 64038 61292 58447 55734 52989 50401 47974 45610 43264 40900 38634 36332 34211 32037 30018 28097 26218 24206 24198 24197 24190 24189 24175 24168 24156 24154 24148 24142 24136 24132 24121 24118 24108 24102 24097 24091 24077 24062 24055 24049 24047 24043 24030 24021 24012 24010 24001 23988 23980 23971 23956 23953 23947 23932 23924 23919 23915 23900 23887 23872 23862 23851 23846 23844 23836 23830 23824 23814 23809 23806 23798 23785 23772 25704 27584 29433 31462 33601 35680 37914 40245 42518 44844 47239 49599 52092 54792 57616 60311 63050 66004 68811 71823 19 3 4
14 14 69880 66949 64045 61296 58451 55742 52999 50407 47982 45615 43273 40908 38638 36341 34217 32044 30025 28110 26222 24210 22363 22362 22360 22347 22334 22332 22321 22315 22310 22309 22307 22294 22288 22277 22263 22251 22247 22239 22230 22215 22210 22209 22202 22194 22183 22180 22167 22158 22143 22138 22128 22119 22116 22102 22089 22082 22079 22070 22057 22054 22040 22028 22020 22009 22007 22005 22003 22001 21987 21979 21969 21968 21957 21955 23760 25694 27574 29418 31451 33590 35665 37900 40243 42504 44840 47233 49588 52088 54785 57615 60306 63048 65994 68809 71813 15 18 19
13 7 69895 66951 64047 61310 58464 55755 53014 50412 47985 45623 43284 40917 38650 36350 34224 32056 30030 28111 26228 24221 22373 20710 20698 20696 20689 20676 20669 20657 20649 20636 20627 20613 20603 20599 20584 20570 20566 20559 20544 20533 20526 20511 20504 20502 20499 20489 20476 20471 20457 20453 20441 20435 20427 20413 20405 20395 20387 20385 20380 20366 20354 20352 20340 20331 20325 20318 20314 20313 20304 20289 20281 20268 20256 21951 23748 25690 27561 29413 31439 33583 35650 37886 40239 42503 44825 47223 49574 52083 54772 57600 60293 63034 65985 68803 71800 4 13 3
17 6 69898 66960 64062 61318 58465 55769 53025 50424 47995 45625 43289 40932 38659 36351 34239 32062 30031 28118 26241 24223 22375 20725 19082 19078 19063 19055 19044 19041 19040 19031 19027 19025 19020 19015 19002 18988 18984 18973 18966 18963 18949 18937 18926 18921 18907 18902 18892 18887 18881 18866 18854 18847 18840 18825 18820 18808 18799 18792 18781 18778 18775 18764 18750 18739 18727 18713 18701 18688 18679 18664 18650 18640 20248 21944 23738 25683 27552 29411 31424 33570 35648 37872 40238 42490 44813 47221 49567 52082 54760 57587 60281 63025 65978 68796 71788 4 19 14
16 17 69903 66962 64065 61319 58468 55772 53027 50430 48005 45637 43290 40944 38672 36364 34248 32065 30041 28124 26243 24236 22384 20735 19097 17452 17444 17437 17425 17421 17419 17418 17405 17395 17393 17389 17377 17369 17359 17345 17330 17324 17323 17319 17306 17297 17296 17295 17291 17282 17267 17260 17258 17255 17253 17249 17234 17232 17219 17205 17199 17190 17178 17167 17155 17152 17148 17139 17137 17135 17128 17117 17113 18628 20237 21940 23723 25668 27550 29397 31423 33559 35643 37870 40233 42484 44807 47210 49555 52071 54759 57584 60272 63020 65965 68790 71773 5 3 13
8 18 69914 66967 64076 61322 58472 55784 53040 50437 48018 45649 43295 40946 38673 36371 34258 32067 30052 28132 26258 24237 22391 20736 19101 17459 16068 16060 16046 16034 16032 16028 16025 16011 16006 15998 15983 15976 15967 15959 15948 15939 15928 15916 15912 15899 15890 15877 15869 15865 15852 15851 15839 15824 15812 15806 15797 15785 15772 15759 15754 15741 15740 15732 15721 15719 15718 15712 15697 15690 15687 15679 17112 18624 20229 21932 23709 25653 27548 29393 31410 33552 35634 37858 40228 42472 44793 47195 49542 52070 54749 57580 60270 63016 65960 68779 71762 1 9 10
15 2 69915 66982 64079 61330 58480 55797 53044 50452 48021 45652 43308 40952 38681 36378 34271 32069 30055 28135 26270 24244 22396 20744 19107 17467 16078 14600 14595 14594 14593 14584 14571 14565 14559 14545 14544 14542 14531 14522 14519 14505 14499 14489 14478 14469 14466 14456 14450 14448 14442 14432 14431 14425 14414 14412 14400 14390 14379 14368 14359 14357 14356 14344 14341 14330 14321 14315 14314 14299 14285 15665 17098 18618 20215 21924 23694 25650 27535 29381 31405 33539 35631 37850 40216 42459 44784 47184 49539 52060 54739 57579 60262 63010 65949 68765 71751 2 9 12
12 5 69916 66990 64087 61336 58486 55804 53049 50465 48024 45656 43313 40954 38692 36387 34273 32081 30065 28138 26284 24258 22406 20748 19112 17469 16086 14606 13280 13265 13263 13250 13242 13228 13224 13216 13202 13193 13178 13173 13172 13162 13150 13143 13139 13135 13132 13129 13114 13113 13102 13100 13093 13080 13065 13054 13046 13043 13035 13030 13023 13021 13017 13013 12999 12996 12990 12988 12987 12979 14279 15655 17093 18605 20208 21909 23691 25635 27521 29376 31402 33535 35629 37835 40207 42456 44774 47178 49535 52059 54731 57578 60253 63005 65948 68753 71745 7 15 11
14 11 69931 67000 64097 61348 58497 55811 53050 50477 48034 45662 43322 40967 38693 36399 34274 32084 30079 28140 26298 24273 22409 20750 19115 17481 16087 14621 13290 12002 11991 11977 11970 11958 11948 11941 11937 11930 11928 11926 11924 11910 11895 11881 11876 11864 11859 11845 11836 11830 11821 11816 11815 11813 11807 11803 11796 11787 11777 11771 11757 11750 11742 11729 11715 11702 11687 11679 11666 12975 14268 15652 17092 18598 20197 21907 23687 25628 27513 29363 31392 33534 35614 37834 40201 42454 44765 47175 49521 52057 54725 57570 60243 63004 65947 68738 71735 0 7 18
12 9 69932 67002 64106 61356 58508 55812 53056 50486 48046 45674 43330 40970 38704 36403 34287 32087 30088 28144 26307 24287 22420 20763 19123 17486 16097 14636 13292 12010 10728 10719 10707 10701 10695 10688 10679 10672 10665 10658 10656 10645 10638 10623 10614 10601 10597 10586 10575 10564 10558 10555 10550 10535 10530 10528 10518 10507 10499 10498 10486 10474 10468 10453 10448 10435 10432 10418 11655 12972 14254 15638 17090 18589 20183 21896 23680 25623 27512 29360 31379 33524 35599 37826 40194 42440 44754 47165 49519 52054 54714 57569 60234 62992 65939 68729 71730 11 18 2
10 0 69938 67009 64121 61357 58514 55827 53066 50487 48055 45684 43335 40976 38713 36407 34300 32102 30091 28147 26321 24294 22434 20778 19126 17493 16098 14651 13302 12023 10739 9528 9522 9513 9498 9492 9482 9467 9465 9456 9444 9442 9431 9426 9418 9403 9397 9391 9388 9383 9376 9370 9368 9354 9349 9338 9335 9333 9325 9322 9320 9315 9305 9302 9292 9284 9279 10409 11641 12967 14243 15623 17082 18579 20180 21889 23665 25619 27506 29345 31369 33523 35592 37818 40188 42436 44747 47157 49513 52044 54699 57561 60233 62986 65935 68715 71716 17 6 4
14 19 69952 67019 64126 61369 58522 55839 53068 50492 48062 45699 43341 40982 38715 36421 34302 32109 30097 28153 26327 24304 22448 20780 19127 17499 16112 14658 13306 12030 10752 9536 8559 8558 8545 8538 8536 8535 8529 8518 8510 8507 8501 8496 8486 8478 8466 8460 8456 8445 8443 8438 8435 8428 8419 8415 8408 8401 8392 8379 8364 8351 8340 8337 8333 8325 9274 10398 11628 12959 14237 15620 17070 18570 20173 21886 23655 25610 27505 29335 31363 33522 35582 37807 40173 42434 44735 47154 49507 52032 54687 57552 60227 62981 65925 68704 71713 3 7 2
4 3 69958 67021 64129 61376 58525 55847 53070 50495 48074 45706 43355 40994 38729 36424 34316 32112 30107 28166 26340 24308 22457 20781 19142 17514 16127 14671 13311 12042 10767 9547 8560 7593 7586 7585 7571 7556 7551 7538 7529 7524 7520 7505 7501 7491 7483 7480 7473 7471 7469 7468 7457 7449 7441 7439 7426 7414 7409 7404 7393 7382 7367 7352 7344 8322 9273 10395 11615 12950 14224 15606 17056 18561 20172 21882 23645 25597 27498 29324 31354 33519 35571 37802 40169 42429 44733 47142 49504 52025 54677 57539 60219 62980 65920 68696 71704 16 6 18
1 8 69964 67030 64144 61381 58534 55856 53078 50505 48077 45721 43367 41002 38744 36438 34321 32114 30109 28171 26347 24319 22460 20787 19149 17518 16140 14672 13322 12047 10782 9555 8565 7601 6633 6628 6620 6610 6596 6588 6577 6575 6560 6559 6546 6533 6527 6512 6511 6500 6493 6490 6484 6473 6463 6460 6458 6449 6437 6423 6408 6394 6387 6374 7336 8315 9265 10388 11614 12937 14215 15601 17042 18555 20162 21877 23639 25595 27490 29317 31340 33517 35569 37794 40164 42420 44730 47131 49491 52011 54673 57536 60214 62967 65908 68684 71695 15 3 16
1 5 69968 67041 64155 61396 58543 55871 53084 50516 48078 45724 43368 41017 38755 36450 34322 32116 30113 28177 26357 24323 22475 20798 19162 17526 16143 14680 13323 12048 10783 9566 8569 7609 6643 5713 5711 5700 5697 5689 5674 5659 5649 5647 5645 5630 5621 5618 5614 5606 5603 5600 5589 5581 5576 5574 5561 5546 5542 5533 5519 5512 5508 6365 7324 8309 9262 10376 11610 12931 14204 15589 17029 18552 20153 21862 23636 25586 27476 29304 31335 33502 35554 37784 40150 42406 44728 47118 49481 51996 54672 57526 60211 62959 65895 68680 71682 1 17 5
5 9 69979 67044 64169 61399 58556 55880 53087 50523 48081 45731 43380 41029 38757 36462 34334 32123 30115 28185 26371 24331 22488 20808 19164 17536 16144 14691 13330 12062 10786 9575 8578 7612 6647 5714 4823 4808 4800 4792 4778 4763 4750 4746 4744 4733 4732 4725 4716 4705 4698 4688 4675 4663 4660 4654 4643 4637 4628 4619 4611 4598 5498 6363 7323 8304 9259 10364 11599 12925 14199 15588 17025 18542 20152 21860 23625 25577 27470 29301 31330 33496 35547 37777 40140 42395 44716 47103 49479 51988 54657 57514 60201 62955 65891 68671 71668 5 17 16
18 0 69992 67057 64179 61404 58570 55889 53095 50534 48087 45733 43391 41035 38764 36463 34346 32126 30130 28193 26372 24340 22498 20819 19165 17550 16146 14695 13333 12077 10800 9582 8582 7626 6655 5715 4834 4034 4028 4020 4016 4008 3997 3987 3972 3966 3959 3952 3948 3943 3932 3926 3920 3913 3908 3902 3892 3886 3874 3860 3859 4590 5488 6351 7315 8299 9258 10350 11595 12913 14188 15586 17024 18528 20149 21852 23617 25569 27461 29293 31321 33481 35541 37766 40130 42388 44701 47091 49464 51986 54642 57505 60186 62940 65881 68670 71656 3 19 12
11 0 70004 67072 64193 61414 58572 55903 53105 50542 48097 45739 43401 41045 38777 36475 34352 32134 30137 28202 26384 24349 22501 20825 19173 17565 16151 14706 13343 12091 10812 9585 8584 7629 6659 5717 4845 4043 3352 3345 3338 3335 3334 3322 3313 3309 3298 3293 3286 3274 3269 3257 3249 3240 3233 3229 3228 3214 3205 3195 3846 4577 5474 6337 7313 8288 9256 10340 11588 12911 14182 15578 17017 18519 20135 21851 23616 25557 27460 29281 31317 33473 35537 37757 40119 42373 44695 47084 49453 51973 54641 57504 60177 62938 65879 68666 71644 18 7 17
0 8 70017 67082 64201 61426 58574 55908 53110 50551 48112 45748 43407 41054 38785 36477 34365 32136 30138 28214 26394 24351 22505 20834 19187 17572 16159 14709 13345 12099 10816 9586 8598 7635 6662 5718 4851 4055 3366 2741 2730 2723 2716 2712 2708 2699 2698 2689 2680 2665 2664 2660 2648 2640 2631 2630 2616 2609 2608 3186 3839 4574 5461 6328 7309 8280 9245 10325 11582 12909 14179 15574 17011 18509 20120 21849 23615 25551 27457 29273 31311 33460 35536 37747 40107 42359 44688 47079 49439 51969 54636 57499 60170 62927 65870 68654 71629 8 8 3
13 12 70022 67094 64208 61439 58580 55922 53118 50556 48121 45752 43408 41066 38788 36482 34379 32150 30153 28227 26395 24356 22516 20836 19197 17573 16170 14715 13346 12109 10825 9596 8609 7637 6671 5731 4856 4065 3368 2753 2189 2186 2172 2170 2163 2154 2147 2144 2142 2137 2125 2113 2109 2098 2094 2086 2073 2070 2607 3173 3827 4572 5454 6322 7295 8278 9243 10314 11576 12896 14166 15561 17006 18506 20112 21845 23609 25543 27456 29265 31303 33454 35529 37738 40098 42355 44680 47074 49425 51968 54633 57496 60162 62913 65863 68648 71624 6 13 9
12 6 70025 67098 64217 61448 58582 55932 53129 50571 48127 45759 43418 41075 38790 36488 34392 32153 30155 28242 26408 24360 22527 20839 19201 17587 16173 14725 13349 12124 10829 9600 8611 7647 6674 5737 4857 4080 3380 2755 2193 1703 1701 1688 1682 1676 1665 1664 1650 1637 1622 1608 1603 1599 1592 1581 1575 2057 2604 3164 3819 4565 5441 6313 7291 8265 9238 10309 11573 12894 14163 15556 17004 18504 20102 21832 23596 25531 27452 29260 31299 33452 35525 37728 40094 42348 44675 47064 49412 51963 54624 57481 60160 62911 65859 68636 71616 5 18 7
15 8 70029 67113 64225 61454 58597 55945 53142 50575 48135 45765 43428 41076 38803 36498 34393 32161 30170 28257 26412 24364 22536 20847 19211 17597 16179 14740 13359 12135 10836 9608 8622 7649 6675 5744 4870 4091 3382 2761 2206 1717 1257 1249 1235 1233 1232 1220 1211 1208 1197 1188 1177 1176 1175 1165 1569 2053 2603 3162 3805 4561 5432 6310 7281 8251 9236 10302 11559 12892 14155 15542 16990 18494 20097 21823 23582 25518 27444 29255 31297 33446 35516 37717 40087 42345 44664 47058 49403 51962 54617 57472 60159 62904 65858 68633 71611 16 17 7
5 4 70042 67118 64233 61457 58607 55960 53154 50584 48143 45767 43437 41078 38816 36510 34396 32170 30176 28263 26414 24375 22548 20849 19222 17606 16186 14748 13363 12137 10847 9621 8623 7660 6685 5758 4878 4103 3390 2769 2218 1731 1264 903 897 885 874 863 858 851 841 838 829 816 815 1157 1557 2042 2601 3156 3803 4555 5424 6305 7275 8240 9230 10290 11545 12884 14151 15540 16986 18486 20094 21809 23572 25517 27439 29249 31283 33436 35512 37707 40078 42339 44659 47054 49398 51956 54604 57459 60156 62903 65845 68625 71610 3 4 0
9 9 70055 67119 64244 61459 58612 55970 53160 50594 48148 45772 43447 41093 38818 36511 34400 32171 30178 28270 26429 24390 22561 20856 19235 17616 16200 14760 13375 12139 10857 9632 8637 7674 6697 5769 4888 4111 3401 2772 2223 1736 1272 915 621 615 609 603 594 591 588 585 570 558 813 1155 1550 2040 2590 3145 3801 4546 5419 6294 7261 8234 9223 10277 11536 12869 14140 15526 16982 18485 20089 21795 23558 25505 27431 29238 31279 33426 35504 37695 40072 42325 44655 47046 49396 51947 54589 57445 60155 62888 65841 68622 71602 11 18 15
0 2 70060 67130 64255 61474 58622 55977 53173 50608 48152 45784 43459 41096 38821 36521 34410 32184 30182 28271 26441 24402 22566 20870 19240 17628 16210 14768 13381 12152 10865 9633 8638 7677 6703 5779 4899 4115 3408 2786 2230 1749 1274 923 633 371 364 362 350 340 331 328 326 549 803 1150 1546 2028 2584 3143 3795 4534 5415 6280 7257 8220 9216 10270 11532 12857 14131 15519 16976 18474 20075 21784 23548 25497 27419 29227 31264 33412 35489 37687 40059 42317 44647 47037 49388 51938 54582 57430 60140 62873 65838 68617 71598 15 15 1
19 4 70071 67145 64269 61480 58625 55979 53176 50615 48158 45789 43472 41098 38834 36535 34417 32199 30186 28278 26449 24411 22575 20883 19244 17640 16219 14769 13396 12155 10875 9637 8644 7692 6705 5781 4914 4123 3416 2791 2234 1763 1289 924 639 382 195 189 175 168 165 153 324 539 792 1136 1544 2021 2582 3135 3782 4531 5405 6272 7250 8211 9206 10269 11518 12842 14129 15508 16963 18459 20065 21770 23536 25496 27404 29215 31249 33411 35480 37679 40047 42314 44638 47022 49382 51927 54571 57420 60133 62868 65828 68610 71583 19 14 2
8 3 70077 67152 64283 61493 58637 55982 53191 50619 48163 45791 43482 41108 38848 36540 34420 32214 30191 28279 26462 24416 22576 20890 19257 17644 16230 14772 13406 12159 10876 9652 8647 7693 6712 5794 4928 4133 3422 2805 2244 1769 1300 928 643 386 197 76 74 69 54 152 323 538 789 1128 1542 2012 2572 3129 3768 4530 5395 6264 7238 8202 9198 10265 11507 12840 14120 15497 16961 18451 20060 21756 23528 25482 27389 29214 31240 33400 35471 37673 40039 42306 44629 47012 49381 51912 54558 57416 60122 62858 65818 68595 71570 11 5 4
2 1 70090 67164 64289 61496 58647 55994 53198 50620 48175 45805 43493 41109 38863 36550 34430 32218 30196 28283 26476 24420 22591 20895 19263 17651 16237 14782 13421 12161 10888 9657 8659 7698 6714 5806 4929 4137 3427 2806 2259 1771 1315 941 645 394 211 80 10 1 53 150 322 529 787 1119 1528 2008 2561 3122 3764 4516 5381 6256 7234 8195 9187 10264 11500 12825 14105 15486 16956 18440 20047 21754 23513 25479 27387 29210 31227 33386 35461 37669 40026 42293 44622 47007 49377 51901 54543 57407 60119 62844 65817 68586 71562 18 3 7
11 10 70096 67176 64299 61506 58662 56009 53201 50632 48189 45815 43500 41113 38865 36559 34432 32223 30204 28297 26482 24432 22595 20899 19275 17661 16246 14796 13429 12174 10902 9660 8670 7710 6728 5808 4935 4147 3436 2810 2265 1779 1321 945 658 403 226 94 23 38 48 143 307 527 783 1106 1517 1996 2554 3116 3750 4512 5370 6250 7222 8190 9185 10263 11498 12811 14103 15477 16953 18436 20035 21750 23512 25470 27378 29196 31213 33374 35448 37662 40012 42278 44618 47004 49376 51900 54528 57397 60105 62832 65813 68581 71553 19 9 8
10 3 70097 67178 64309 61511 58675 56011 53207 50634 48194 45821 43511 41118 38878 36569 34439 32238 30217 28308 26492 24439 22596 20911 19277 17662 16251 14801 13433 12188 10908 9675 8675 7719 6737 5809 4941 4158 3443 2815 2267 1781 1329 954 660 407 239 95 98 104 117 131 304 512 770 1092 1507 1995 2540 3113 3738 4507 5369 6246 7214 8183 9182 10255 11486 12808 14099 15471 16938 18428 20032 21739 23505 25456 27377 29193 31201 33363 35443 37647 40001 42263 44606 46997 49372 51885 54517 57386 60092 62824 65801 68567 71538 7 17 3
11 10 70104 67192 64324 61513 58690 56022 53213 50646 48202 45828 43516 41124 38888 36581 34445 32249 30232 28317 26501 24444 22607 20919 19280 17674 16265 14804 13443 12203 10917 9689 8686 7722 6745 5823 4945 4169 3457 2823 2269 1792 1334 955 667 418 253 263 276 286 297 302 303 498 769 1087 1495 1986 2536 3106 3728 4500 5368 6235 7213 8175 9175 10242 11477 12804 14096 15456 16935 18422 20026 21728 23503 25453 27374 29189 31196 33362 35437 37633 39997 42260 44602 46984 49360 51870 54512 57372 60085 62811 65788 68562 71527 0 8 13
19 17 70119 67205 64337 61523 58702 56034 53218 50647 48213 45839 43526 41139 38899 36582 34452 32263 30235 28318 26514 24456 22615 20921 19288 17686 16275 14808 13455 12207 10923 9692 8689 7724 6751 5825 4946 4177 3463 2835 2273 1802 1339 966 681 422 432 434 436 449 463 475 489 495 761 1086 1488 1983 2523 3096 3720 4486 5358 6223 7209 8169 9170 10232 11473 12803 14085 15453 16927 18411 20016 21715 23500 25447 27373 29188 31187 33358 35422 37628 39987 42254 44591 46974 49357 51866 54504 57365 60083 62799 65785 68561 71519 18 10 5
10 6 70128 67207 64350 61526 58712 56039 53228 50649 48217 45852 43534 41147 38900 36597 34464 32266 30245 28328 26516 24468 22627 20934 19298 17698 16285 14817 13469 12214 10926 9702 8700 7732 6764 5826 4955 4179 3464 2846 2285 1807 1350 975 688 698 702 712 721 730 731 741 745 747 750 1077 1481 1976 2516 3091 3719 4477 5346 6219 7196 8159 9161 10218 11462 12799 14081 15451 16914 18410 20006 21703 23491 25438 27363 29179 31181 33351 35409 37621 39972 42249 44583 46967 49343 51851 54492 57354 60082 62785 65779 68560 71514 0 8 3
3 7 70143 67209 64361 61533 58721 56048 53233 50657 48218 45854 43535 41152 38912 36606 34478 32274 30247 28335 26520 24476 22630 20935 19301 17706 16287 14832 13474 12222 10933 9716 8707 7736 6766 5828 4966 4193 3470 2851 2296 1809 1357 978 991 995 997 998 1010 1013 1020 1021 1033 1041 1049 1063 1478 1974 2502 3080 3711 4472 5334 6217 7189 8155 9149 10203 11448 12791 14070 15437 16902 18405 19997 21689 23477 25432 27357 29172 31176 33342 35406 37620 39967 42239 44571 46964 49338 51838 54490 57352 60067 62778 65764 68550 71507 10 5 11
17 1 70148 67223 64369 61536 58725 56062 53235 50660 48222 45860 43538 41155 38918 36621 34493 32282 30256 28341 26528 24489 22634 20942 19302 17719 16300 14836 13479 12228 10948 9728 8716 7749 6769 5841 4981 4203 3485 2859 2297 1821 1365 1375 1386 1393 1400 1405 1415 1416 1427 1437 1442 1446 1455 1466 1476 1971 2495 3067 3710 4471 5321 6203 7187 8151 9145 10193 11447 12787 14069 15423 16896 18399 19982 21676 23472 25417 27349 29164 31173 33331 35397 37605 39966 42224 44560 46958 49325 51833 54486 57339 60064 62769 65752 68538 71497 12 19 19
7 10 70158 67228 64372 61541 58733 56074 53237 50662 48234 45875 43546 41163 38930 36625 34505 32289 30261 28349 26536 24494 22639 20946 19311 17732 16307 14849 13494 12237 10951 9739 8729 7752 6780 5852 4996 4204 3489 2865 2302 1826 1829 1840 1853 1860 1875 1887 1893 1901 1909 1921 1926 1934 1940 1950 1957 1960 2489 3061 3704 4458 5306 6188 7178 8146 9131 10179 11445 12778 14061 15409 16885 18384 19978 21670 23463 25414 27339 29152 31161 33321 35394 37594 39964 42209 44555 46945 49312 51822 54475 57331 60050 62754 65741 68526 71487 10 0 15
6 16 70162 67233 64379 61543 58740 56076 53250 50664 48238 45880 43554 41175 38943 36633 34508 32299 30270 28359 26544 24507 22652 20950 19316 17737 16321 14853 13498 12248 10961 9744 8730 7767 6787 5855 5001 4209 3496 2877 2311 2324 2333 2348 2356 2360 2366 2381 2390 2401 2407 2410 2418 2432 2443 2457 2461 2473 2488 3049 3690 4444 5298 6177 7177 8137 9122 10167 11439 12763 14058 15403 16881 18377 19976 21658 23452 25401 27328 29149 31151 33310 35384 37593 39958 42197 44547 46941 49308 51810 54467 57328 60035 62753 65728 68512 71484 6 0 8
17 16 70173 67241 64381 61558 58751 56082 53263 50674 48250 45883 43558 41181 38953 36634 34511 32306 30277 28370 26551 24512 22658 20963 19328 17743 16323 14867 13506 12252 10962 9745 8744 7780 6800 5869 5005 4214 3503 2888 2903 2918 2925 2935 2945 2958 2959 2960 2975 2980 2981 2992 3003 3004 3008 3015 3023 3031 3040 3041 3687 4439 5284 6173 7166 8128 9121 10164 11432 12754 14057 15391 16867 18368 19974 21655 23443 25400 27323 29146 31145 33296 35374 37581 39953 42190 44536 46940 49304 51800 54461 57321 60027 62750 65724 68499 71475 8 10 7
2 3 70180 67249 64387 61564 58765 56097 53274 50688 48256 45896 43565 41186 38963 36647 34520 32320 30280 28382 26560 24521 22673 20971 19338 17751 16331 14874 13512 12259 10969 9757 8752 7784 6812 5870 5013 4227 3504 3512 3524 3531 3544 3553 3565 3570 3579 3594 3596 3604 3611 3614 3621 3624 3627 3634 3639 3654 3659 3665 3672 4434 5275 6164 7151 8114 9110 10149 11423 12749 14046 15383 16854 18360 19964 21651 23439 25389 27308 29143 31131 33288 35371 37577 39950 42179 44533 46927 49296 51799 54448 57313 60014 62745 65709 68489 71466 9 3 0
11 6 70191 67259 64398 61574 58779 56106 53283 50691 48269 45910 43571 41199 38970 36648 34532 32328 30289 28385 26563 24534 22678 20978 19348 17753 16343 14876 13514 12273 10975 9758 8766 7790 6813 5885 5028 4236 4245 4253 4265 4280 4285 4300 4302 4303 4310 4325 4336 4341 4354 4360 4361 4369 4384 4398 4402 4403 4406 4413 4419 4433 5269 6150 7140 8113 9106 10138 11411 12737 14031 15376 16849 18349 19959 21642 23430 25374 27301 29137 31124 33275 35359 37575 39940 42164 44524 46922 49285 51794 54437 57299 60005 62741 65703 68481 71451 17 13 10
8 12 70194 67272 64411 61581 58788 56116 53285 50706 48276 45921 43574 41212 38982 36653 34541 32342 30295 28390 26568 24548 22687 20991 19357 17758 16355 14890 13524 12287 10981 9768 8775 7802 6825 5891 5035 5049 5054 5055 5066 5076 5090 5101 5108 5110 5118 5120 5132 5145 5147 5149 5157 5165 5167 5182 5191 5206 5215 5220 5232 5244 5254 6149 7135 8100 9093 10132 11407 12728 14026 15373 16834 18341 19950 21637 23427 25363 27289 29133 31119 33263 35356 37571 39926 42151 44511 46920 49277 51791 54427 57295 59993 62731 65702 68477 71445 7 8 12
11 0 70202 67285 64413 61590 58801 56131 53295 50721 48281 45927 43583 41213 38984 36667 34552 32357 30306 28391 26571 24563 22695 21005 19362 17765 16358 14899 13529 12293 10988 9781 8789 7806 6834 5898 5908 5921 5925 5928 5939 5951 5962 5975 5986 5994 6003 6005 6018 6025 6033 6037 6052 6055 6067 6076 6085 6090 6103 6111 6117 6127 6139 6142 7134 8092 9090 10131 11393 12719 14017 15365 16826 18330 19939 21634 23415 25361 27287 29118 31104 33258 35341 37559 39912 42148 44498 46916 49271 51786 54421 57292 59982 62717 65690 68467 71441 19 1 1
4 19 70214 67287 64424 61591 58814 56144 53297 50727 48284 45930 43586 41228 38988 36670 34557 32362 30320 28401 26586 24565 22696 21008 19373 17767 16371 14900 13535 12295 10990 9794 8798 7817 6848 6857 6872 6885 6899 6901 6916 6917 6919 6932 6945 6955 6958 6969 6982 6993 7005 7020 7032 7046 7055 7065 7073 7081 7087 7088 7101 7105 7116 7128 7132 8091 9087 10124 11384 12708 14007 15352 16819 18326 19926 21627 23406 25353 27285 29113 31092 33251 35339 37546 39901 42137 44495 46902 49261 51772 54406 57287 59976 62716 65679 68464 71440 10 0 4
2 0 70215 67291 64438 61594 58822 56155 53305 50739 48289 45936 43599 41242 38991 36673 34568 32366 30326 28415 26587 24570 22707 21019 19384 17769 16383 14906 13549 12302 11000 9795 8811 7818 7826 7828 7832 7840 7854 7868 7876 7883 7886 7892 7904 7915 7929 7933 7945 7947 7958 7959 7971 7981 7990 7997 8006 8013 8026 8032 8038 8047 8060 8074 8079 8090 9080 10112 11371 12702 13994 15349 16810 18314 19916 21619 23399 25348 27283 29099 31082 33244 35324 37539 39899 42135 44485 46901 49253 51761 54399 57283 59975 62706 65668 68458 71438 6 7 3
5 3 70226 67294 64451 61600 58824 56163 53307 50750 48297 45950 43600 41254 38994 36679 34572 32379 30338 28429 26588 24584 22717 21034 19393 17781 16387 14916 13560 12314 11010 9808 8817 8830 8835 8843 8844 8859 8867 8876 8890 8902 8904 8910 8919 8933 8935 8938 8941 8943 8954 8959 8964 8969 8981 8986 8998 9011 9024 9032 9036 9046 9048 9052 9061 9065 9068 10106 11356 12699 13979 15337 16799 18303 19903 21605 23390 25342 27279 29098 31074 33240 35314 37534 39885 42127 44480 46895 49238 51752 54396 57280 59965 62694 65656 68447 71426 2 16 0
13 19 70234 67301 64452 61605 58828 56172 53311 50756 48298 45957 43612 41259 38999 36680 34576 32382 30345 28437 26595 24598 22732 21049 19394 17787 16393 14923 13573 12317 11025 9812 9813 9816 9827 9837 9843 9855 9859 9868 9874 9882 9893 9899 9913 9921 9923 9937 9948 9954 9969 9983 9989 9997 10003 10004 10019 10025 10038 10048 10052 10060 10072 10079 10089 10093 10098 10100 11353 12698 13978 15327 16795 18289 19892 21598 23382 25339 27265 29085 31070 33233 35309 37523 39873 42117 44478 46883 49230 51743 54394 57275 59964 62693 65645 68436 71417 8 7 16
11 15 70236 67310 64467 61606 58832 56185 53326 50767 48302 45968 43622 41274 39012 36688 34578 32386 30360 28444 26602 24603 22747 21063 19396 17797 16402 14938 13585 12324 11038 11041 11049 11053 11068 11069 11078 11080 11090 11091 11094 11097 11100 11109 11117 11128 11136 11149 11164 11177 11185 11196 11199 11203 11210 11220 11229 11244 11258 11262 11264 11275 11289 11300 11309 11312 11313 11325 11340 12689 13963 15315 16780 18276 19886 21585 23380 25325 27255 29078 31056 33222 35302 37520 39860 42110 44475 46881 49224 51740 54392 57267 59956 62691 65639 68421 71411 13 12 16
19 3 70250 67314 64469 61621 58847 56195 53337 50782 48307 45978 43636 41275 39021 36701 34586 32393 30374 28455 26613 24613 22761 21067 19404 17809 16407 14939 13592 12337 12338 12341 12350 12361 12373 12380 12392 12404 12407 12411 12425 12434 12444 12456 12463 12478 12491 12496 12505 12513 12522 12529 12542 12556 12560 12575 12579 12584 12592 12593 12607 12621 12631 12645 12653 12654 12661 12674 12676 12686 13951 15312 16777 18266 19879 21571 23375 25315 27244 29075 31045 33213 35291 37518 39850 42101 44466 46868 49212 51738 54383 57252 59951 62685 65637 68409 71406 1 11 6
5 2 70256 67320 64478 61626 58859 56208 53341 50789 48314 45979 43637 41285 39026 36703 34594 32405 30386 28468 26616 24618 22773 21069 19415 17812 16417 14950 13596 13609 13616 13625 13634 13648 13660 13674 13682 13696 13707 13710 13711 13725 13727 13734 13742 13752 13756 13771 13773 13779 13788 13791 13798 13809 13811 13818 13823 13831 13846 13855 13858 13871 13873 13884 13896 13906 13919 13923 13927 13932 13941 15300 16767 18255 19867 21566 23368 25311 27241 29070 31042 33199 35288 37504 39844 42095 44464 46855 49208 51729 54369 57250 59937 62674 65628 68408 71398 15 12 17
12 3 70269 67327 64484 61635 58862 56220 53344 50792 48318 45985 43646 41291 39032 36705 34605 32419 30396 28471 26626 24623 22784 21080 19416 17827 16429 14957 14970 14980 14982 14983 14987 14999 15007 15011 15017 15025 15027 15030 15042 15048 15050 15052 15062 15066 15081 15093 15095 15110 15115 15130 15143 15150 15161 15170 15181 15192 15198 15199 15214 15221 15224 15232 15247 15251 15262 15272 15285 15290 15292 15299 16762 18242 19852 21555 23356 25301 27227 29069 31036 33185 35278 37497 39832 42093 44457 46849 49205 51715 54358 57238 59929 62671 65625 68397 71396 3 10 19
8 16 70274 67332 64499 61642 58869 56231 53346 50803 48325 45988 43649 41292 39039 36718 34614 32426 30408 28480 26631 24638 22791 21095 19431 17839 16430 16434 16444 16459 16467 16471 16477 16484 16498 16508 16514 16525 16532 16538 16547 16550 16551 16561 16574 16575 16578 16581 16591 16600 16609 16621 16633 16634 16646 16651 16652 16658 16659 16672 16674 16681 16683 16686 16700 16708 16718 16725 16730 16731 16739 16748 16759 18241 19839 21546 23354 25290 27215 29062 31035 33171 35275 37486 39825 42088 44447 46842 49204 51711 54343 57223 59920 62658 65612 68394 71392 6 3 2
19 18 70278 67345 64511 61651 58873 56232 53358 50808 48330 45999 43657 41301 39049 36723 34628 32439 30418 28495 26634 24653 22805 21100 19440 17850 17856 17864 17865 17872 17885 17897 17904 17916 17922 17932 17947 17955 17963 17974 17989 17999 18002 18016 18019 18030 18043 18045 18054 18064 18067 18069 18084 18087 18098 18102 18106 18114 18120 18131 18143 18158 18160 18175 18186 18189 18194 18197 18198 18206 18209 18217 18222 18229 19830 21542 23343 25284 27209 29050 31026 33157 35270 37481 39810 42086 44439 46837 49197 51706 54342 57210 59909 62655 65600 68393 71390 6 2 1
3 11 70286 67353 64513 61661 58875 56241 53368 50815 48333 46000 43661 41309 39053 36730 34643 32440 30430 28500 26635 24667 22819 21102 19452 19455 19461 19463 19478 19486 19496 19503 19510 19515 19516 19517 19527 19529 19531 19543 19554 19563 19571 19572 19579 19586 19600 19609 19613 19616 19618 19627 19635 19643 19658 19661 19663 19678 19691 19703 19718 19719 19728 19740 19742 19754 19767 19768 19774 19784 19789 19802 19815 19817 19820 21539 23338 25283 27202 29039 31012 33148 35268 37469 39800 42077 44428 46829 49182 51696 54333 57209 59896 62650 65593 68385 71386 12 3 8
1 0 70291 67367 64514 61674 58885 56245 53369 50828 48347 46013 43675 41319 39062 36740 34654 32441 30439 28505 26638 24679 22822 21104 21107 21119 21133 21148 21149 21156 21158 21159 21160 21168 21177 21178 21190 21200 21201 21213 21218 21227 21238 21252 21253 21267 21282 21296 21308 21319 21325 21336 21337 21346 21359 21363 21373 21381 21384 21389 21399 21408 21420 21422 21432 21438 21448 21450 21454 21464 21469 21480 21494 21503 21515 21528 23326 25273 27192 29032 31006 33147 35266 37465 39787 42073 44422 46828 49173 51695 54332 57208 59893 62646 65579 68380 71374 18 6 6
9 7 70294 67374 64527 61677 58899 56258 53382 50835 48350 46020 43677 41320 39069 36743 34662 32455 30453 28518 26652 24681 22837 22843 22857 22868 22871 22880 22882 22897 22911 22924 22930 22933 22941 22950 22955 22959 22970 22984 22988 22995 23009 23021 23029 23044 23054 23065 23078 23086 23092 23095 23107 23114 23123 23135 23147 23154 23163 23175 23186 23201 23214 23229 23230 23233 23234 23248 23254 23267 23274 23285 23286 23297 23308 23320 23321 25259 27187 29022 31004 33134 35264 37455 39782 42060 44413 46827 49166 51688 54331 57199 59887 62639 65568 68374 71369 12 14 2
0 0 70301 67382 64534 61684 58908 56261 53392 50842 48352 46028 43690 41322 39079 36745 34665 32466 30467 28530 26666 24695 24710 24719 24727 24741 24743 24757 24772 24783 24795 24804 24808 24813 24815 24828 24842 24856 24871 24880 24881 24893 24898 24905 24917 24931 24937 24952 24957 24967 24974 24986 24999 25012 25025 25030 25044 25056 25062 25068 25072 25082 25086 25099 25107 25119 25132 25146 25160 25166 25174 25188 25196 25209 25220 25225 25240 25244 27186 29008 30991 33132 35256 37441 39772 42055 44398 46819 49157 51681 54323 57193 59877 62635 65560 68369 71362 16 1 16
2 6 70309 67384 64547 61695 58920 56271 53394 50849 48362 46034 43691 41326 39084 36760 34671 32477 30470 28544 26671 26681 26687 26700 26707 26715 26727 26728 26742 26756 26758 26767 26771 26786 26797 26801 26806 26816 26827 26836 26846 26859 26870 26871 26873 26888 26895 26903 26916 26919 26932 26946 26950 26963 26965 26978 26986 26990 26994 27000 27013 27014 27029 27040 27052 27062 27068 27074 27080 27091 27099 27103 27112 27126 27129 27142 27156 27162 27174 28996 30978 33126 35254 37436 39758 42052 44387 46808 49145 51679 54313 57182 59875 62625 65547 68367 71349 16 17 2
10 16 70310 67389 64550 61708 58935 56276 53408 50859 48372 46046 43693 41330 39096 36775 34679 32492 30472 28551 28553 28561 28563 28566 28578 28586 28590 28592 28598 28600 28604 28612 28621 28625 28627 28637 28645 28655 28670 28673 28683 28687 28693 28697 28711 28714 28717 28731 28739 28751 28759 28773 28786 28792 28796 28805 28814 28829 28834 28835 28843 28846 28859 28870 28884 28893 28906 28911 28912 28926 28931 28935 28945 28946 28958 28962 28970 28977 28982 28987 30973 33111 35244 37431 39747 42046 44384 46796 49140 51675 54299 57170 59869 62615 65540 68363 71338 13 8 11
2 17 70319 67391 64565 61709 58941 56285 53418 50860 48375 46055 43701 41335 39106 36790 34693 32506 30484 30495 30503 30509 30514 30521 30533 30534 30549 30558 30562 30571 30572 30575 30579 30584 30588 30596 30603 30613 30621 30633 30643 30655 30662 30664 30671 30684 30695 30705 30717 30728 30733 30736 30738 30746 30758 30773 30774 30783 30797 30808 30809 30818 30833 30838 30853 30863 30873 30877 30883 30898 30902 30913 30915 30922 30936 30942 30943 30945 30946 30959 30972 33098 35231 37422 39742 42040 44373 46794 49130 51669 54284 57167 59866 62605 65530 68358 71332 14 11 18
15 13 70322 67394 64578 61710 58942 56286 53431 50863 48379 46060 43708 41342 39121 36798 34701 32518 32531 32541 32543 32549 32564 32567 32574 32587 32598 32612 32623 32638 32644 32649 32657 32659 32668 32681 32692 32696 32711 32720 32729 32734 32735 32742 32754 32763 32768 32771 32774 32783 32797 32809 32813 32826 32833 32845 32850 32858 32873 32883 32893 32904 32910 32925 32938 32953 32959 32963 32975 32979 32981 32986 32996 33000 33015 33030 33043 33054 33065 33067 33074 33088 35225 37408 39741 42026 44363 46786 49126 51665 54283 57152 59858 62591 65523 68347 71330 7 4 10
17 13 70332 67398 64587 61724 58943 56287 53445 50869 48390 46071 43718 41352 39125 36803 34711 34717 34731 34736 34744 34751 34765 34766 34769 34781 34782 34790 34802 34804 34815 34821 34834 34849 34852 34857 34863 34864 34865 34878 34890 34896 34905 34913 34923 34932 34937 34944 34950 34952 34965 34968 34976 34983 34986 34988 34991 34997 35012 35026 35030 35038 35053 35061 35075 35076 35091 35096 35099 35114 35123 35126 35133 35145 35155 35170 35172 35174 35185 35193 35206 35209 35213 37401 39733 42011 44349 46778 49113 51654 54271 57148 59849 62587 65518 68338 71319 3 7 0
6 8 70347 67411 64588 61727 58955 56298 53447 50873 48398 46076 43725 41362 39135 36808 36811 36822 36829 36841 36851 36865 36867 36881 36886 36892 36898 36905 36910 36921 36930 36938 36944 36948 36952 36958 36973 36985 36994 37009 37017 37028 37038 37045 37047 37057 37061 37071 37075 37090 37102 37115 37130 37136 37140 37155 37166 37175 37188 37199 37209 37216 37226 37230 37244 37256 37265 37275 37289 37293 37296 37300 37302 37306 37312 37319 37325 37333 37337 37352 37364 37377 37391 37397 39723 42002 44340 46765 49098 51639 54259 57144 59844 62577 65513 68328 71308 6 2 9
9 14 70361 67423 64603 61736 58964 56300 53456 50874 48406 46081 43734 41369 39138 39150 39152 39154 39157 39163 39171 39172 39175 39182 39192 39206 39213 39225 39234 39240 39248 39253 39260 39274 39280 39284 39292 39307 39319 39325 39339 39353 39366 39380 39393 39399 39412 39424 39427 39431 39437 39444 39448 39459 39462 39472 39484 39486 39498 39504 39510 39520 39531 39535 39545 39548 39553 39558 39572 39586 39597 39612 39620 39632 39634 39638 39639 39641 39652 39663 39671 39680 39690 39703 39714 41998 44332 46755 49092 51627 54246 57129 59843 62567 65502 68315 71304 2 11 2
17 6 70367 67429 64604 61750 58966 56310 53469 50880 48411 46082 43744 41384 41393 41407 41418 41422 41423 41433 41438 41445 41449 41458 41466 41480 41489 41497 41509 41522 41536 41544 41551 41566 41576 41581 41585 41589 41597 41608 41611 41621 41635 41644 41656 41670 41684 41691 41705 41718 41731 41735 41736 41737 41744 41755 41764 41778 41789 41794 41808 41812 41821 41832 41845 41850 41852 41866 41880 41885 41896 41900 41909 41914 41917 41929 41936 41947 41954 41957 41969 41975 41976 41980 41995 41996 44329 46754 49084 51616 54244 57127 59830 62563 65492 68301 71292 0 5 10
19 19 70371 67432 64607 61753 58974 56323 53476 50887 48425 46084 43749 43755 43770 43780 43793 43804 43805 43818 43822 43833 43834 43839 43854 43859 43862 43866 43867 43868 43872 43873 43888 43893 43904 43912 43924 43928 43930 43939 43944 43951 43954 43969 43981 43993 43996 44008 44020 44024 44030 44041 44047 44048 44061 44069 44082 44083 44088 44097 44112 44116 44129 44137 44140 44147 44148 44154 44167 44177 44185 44200 44208 44218 44221 44231 44236 44241 44254 44269 44281 44283 44295 44303 44304 44308 44314 46739 49082 51614 54230 57126 59817 62548 65485 68289 71281 3 17 11
8 16 70373 67441 64611 61755 58979 56334 53479 50897 48428 46085 46097 46111 46117 46127 46134 46136 46142 46149 46156 46163 46168 46183 46192 46197 46210 46225 46235 46241 46254 46260 46273 46279 46289 46296 46300 46302 46304 46315 46327 46330 46338 46348 46352 46356 46359 46372 46383 46388 46391 46398 46406 46421 46424 46430 46432 46444 46458 46467 46482 46496 46500 46515 46519 46526 46538 46548 46562 46564 46571 46573 46585 46596 46607 46608 46621 46624 46637 46649 46660 46675 46687 46693 46705 46720 46721 46726 49079 51604 54228 57119 59814 62536 65478 68277 71273 5 8 15
14 9 70379 67449 64624 61764 58992 56346 53486 50901 48443 48446 48455 48463 48471 48480 48489 48493 48501 48504 48516 48517 48521 48526 48532 48547 48557 48564 48570 48573 48582 48592 48596 48601 48609 48619 48630 48634 48644 48657 48667 48677 48683 48697 48703 48717 48721 48723 48726 48734 48745 48746 48761 48775 48780 48793 48795 48797 48808 48822 48826 48840 48841 48843 48848 48859 48869 48879 48894 48903 48917 48922 48932 48945 48959 48969 48983 48994 49005 49008 49010 49019 49033 49039 49054 49069 49072 49074 49077 51595 54223 57118 59807 62532 65476 68269 71272 1 6 8
18 8 70380 67458 64628 61771 58994 56349 53496 50907 50914 50923 50933 50934 50946 50958 50968 50969 50973 50978 50981 50995 51005 51020 51032 51046 51060 51074 51087 51093 51108 51122 51129 51141 51143 51152 51163 51167 51179 51187 51189 51194 51206 51220 51224 51231 51235 51250 51258 51260 51266 51278 51290 51302 51303 51308 51319 51334 51340 51345 51346 51350 51354 51357 51363 51376 51382 51388 51403 51414 51415 51426 51441 51443 51452 51458 51469 51477 51491 51506 51509 51522 51524 51532 51539 51553 51561 51566 51574 51588 54220 57113 59804 62530 65473 68254 71261 4 1 1
18 3 70390 67473 64642 61775 58999 56353 53511 53517 53523 53527 53531 53545 53558 53563 53575 53584 53586 53588 53591 53604 53615 53619 53632 53642 53648 53659 53661 53675 53688 53689 53701 53705 53706 53708 53721 53724 53726 53735 53742 53757 53758 53769 53779 53792 53807 53809 53823 53837 53847 53861 53874 53876 53883 53891 53903 53911 53920 53926 53939 53954 53960 53969 53980 53988 54001 54016 54025 54031 54041 54047 54062 54066 54080 54093 54106 54109 54120 54134 54135 54150 54156 54160 54161 54176 54183 54187 54191 54196 54210 57105 59802 62521 65466 68241 71249 7 14 8
8 18 70398 67475 64649 61776 59006 56362 56365 56380 56395 56408 56413 56424 56428 56435 56438 56446 56458 56464 56469 56481 56484 56490 56492 56495 56510 56525 56533 56548 56560 56575 56580 56592 56606 56609 56618 56628 56634 56640 56652 56657 56671 56680 56687 56702 56711 56723 56730 56737 56747 56752 56761 56772 56784 56794 56798 56807 56822 56825 56829 56839 56850 56856 56868 56873 56878 56890 56894 56906 56912 56917 56927 56937 56946 56949 56957 56970 56973 56981 56987 57001 57005 57018 57027 57042 57045 57055 57063 57078 57086 57096 59787 62506 65465 68240 71237 8 3 17
10 13 70409 67477 64660 61785 59011 59017 59029 59043 59058 59059 59071 59084 59095 59101 59111 59120 59128 59135 59140 59149 59164 59174 59181 59188 59201 59211 59226 59239 59247 59258 59264 59275 59281 59295 59306 59319 59322 59328 59331 59339 59352 59362 59374 59380 59391 59396 59398 59399 59407 59421 59425 59438 59446 59453 59463 59474 59475 59486 59488 59495 59504 59508 59520 59530 59539 59551 59553 59567 59572 59577 59590 59593 59604 59617 59625 59638 59650 59664 59674 59685 59697 59704 59719 59722 59734 59745 59749 59758 59766 59767 59776 62502 65450 68234 71231 12 6 16
8 12 70419 67479 64667 61792 61794 61798 61808 61816 61825 61827 61840 61850 61856 61857 61870 61881 61895 61905 61909 61924 61931 61941 61952 61964 61972 61987 62000 62006 62007 62012 62018 62026 62029 62040 62045 62052 62060 62061 62065 62068 62079 62087 62099 62104 62115 62120 62122 62124 62128 62142 62151 62152 62163 62165 62177 62182 62196 62209 62215 62228 62237 62247 62261 62265 62278 62293 62301 62307 62308 62314 62324 62330 62338 62341 62353 62361 62370 62375 62379 62393 62400 62401 62407 62416 62419 62424 62431 62445 62456 62471 62483 62492 65440 68230 71227 9 13 2
11 6 70428 67493 64676 64691 64701 64710 64718 64728 64742 64754 64765 64778 64791 64801 64816 64826 64840 64844 64856 64869 64875 64877 64890 64900 64904 64913 64915 64919 64929 64941 64954 64964 64972 64983 64998 65005 65019 65024 65033 65047 65048 65060 65062 65064 65073 65076 65090 65100 65104 65112 65113 65124 65136 65145 65156 65167 65171 65175 65190 65200 65211 65213 65223 65236 65251 65259 65269 65275 65284 65290 65293 65295 65305 65309 65315 65329 65342 65352 65355 65357 65367 65378 65391 65393 65400 65404 65407 65416 65418 65421 65423 65425 65434 68222 71217 15 14 16
3 3 70432 67501 67509 67519 67526 67530 67539 67546 67554 67568 67580 67583 67584 67589 67597 67599 67614 67616 67623 67631 67640 67650 67658 67667 67679 67691 67704 67706 67721 67724 67734 67745 67758 67769 67771 67782 67788 67802 67809 67810 67812 67814 67826 67835 67840 67842 67850 67854 67855 67861 67876 67887 67895 67903 67910 67920 67933 67945 67960 67968 67980 67986 67995 68004 68014 68015 68024 68035 68039 68046 68055 68070 68078 68090 68091 68095 68102 68110 68111 68117 68119 68129 68142 68148 68160 68165 68168 68181 68183 68192 68193 68208 68211 68216 71207 4 8 8
7 16 70437 70452 70454 70465 70480 70481 70482 70493 70495 70498 70506 70517 70528 70529 70543 70545 70557 70558 70559 70562 70567 70579 70591 70606 70608 70609 70620 70623 70625 70633 70642 70644 70646 70651 70663 70669 70680 70694 70702 70717 70728 70734 70736 70744 70752 70757 70767 70781 70792 70807 70813 70824 70839 70854 70855 70869 70884 70899 70907 70914 70919 70928 70938 70948 70963 70968 70973 70977 70990 70994 70998 71004 71017 71023 71026 71031 71044 71046 71061 71075 71082 71084 71095 71096 71111 71123 71138 71139 71154 71168 71170 71178 71185 71192 71193 16 19 8
3 3 1 15 12 16 17 18 3 11 4 5 15 3 2 14 0 6 10 17 10 17 3 2 18 14 17 15 0 15 10 3 14 13 3 6 7 5 9 18 3 18 4 9 2 11 4 8 0 6 11 11 0 9 0 18 12 11 1 8 15 3 3 9 16 5 8 17 18 5 13 15 5 16 1 11 4 8 10 16 3 15 19 5 15 19 6 6 19 9 2 2 9 7 4 14 2 10 5 8
2 12 3 5 12 14 1 11 17 5 8 16 17 6 3 11 6 12 9 16 4 17 18 14 14 19 11 18 11 8 6 7 7 4 10 16 4 15 18 5 4 19 16 6 8 6 3 4 10 10 17 6 18 12 19 11 10 8 14 8 12 8 0 5 4 15 9 15 6 7 2 5 9 0 3 11 5 19 0 18 11 0 18 17 2 11 15 15 11 9 16 18 12 5 1 7 2 0 6 7
6 3 8 14 5 6 5 18 10 14 0 7 16 15 17 8 11 6 1 0 8 18 8 14 0 3 6 9 8 8 0 4 15 14 19 6 4 5 14 17 11 10 5 8 1 17 4 1 10 15 4 19 15 4 0 9 12 11 0 7 11 10 15 10 10 0 17 3 17 8 7 6 8 19 1 5 3 9 16 6 11 8 6 8 16 18 11 3 3 0 2 13 7 10 7 17 2 9 17 10
