20
6 6 13 9 4 5 6 12 15 13 5 16 16 1 14 14 16 12 16 18
2 15 15 11 10 1 5 11 17 6 10 10 2 14 13 13 16 12 8 2
13 14 3 14 3 16 8 4 17 13 9 8 0 0 18 18 10 15 1 4
3 16 3 9 2 1 9 8 2 13 14 0 2 3 11 9 18 19 8 19
11 3 5 59 49 46 38 13 18 9 2 18 17 10 1 14 8 1 19 13
15 9 17 63 6 5 31 4 17 15 15 15 10 19 12 8 2 14 5 10
4 14 0 66 16 17 26 19 10 18 13 8 17 12 16 9 13 8 1 10
3 3 8 79 18 0 11 5 14 11 13 7 13 15 8 5 16 9 10 18
9 13 6 0 16 9 7 8 19 4 1 5 6 16 16 6 6 7 1 4
0 6 1 2 1 4 9 15 2 13 4 1 5 2 3 11 6 8 18 2
7 7 1 12 16 10 14 9 4 16 10 13 16 12 14 5 8 8 11 12
11 14 19 18 2 4 15 12 9 19 18 3 18 6 19 18 6 16 2 13
18 2 6 12 17 5 7 18 2 7 18 10 12 0 18 19 12 8 2 0
15 15 2 7 16 17 18 17 8 11 16 10 9 5 18 9 0 0 0 7
2 15 15 12 1 14 18 6 14 6 8 9 18 3 15 15 1 15 15 8
14 10 5 4 17 2 1 4 9 9 10 3 10 13 5 10 17 16 17 18
13 16 14 4 11 9 15 5 17 4 17 3 4 10 8 8 1 5 12 13
12 14 16 6 16 12 9 0 14 19 3 11 1 9 19 5 5 5 16 10
15 9 4 6 13 14 9 0 15 13 9 1 12 8 18 11 8 6 10 2
14 19 10 12 2 11 15 4 14 4 2 15 0 14 12 1 2 7 17 9
