100
7 11 3 15 12 0 17 12 11 13 13 16 13 4 4 13 16 19 7 2 10 3 3 14 3 6 2 18 4 10 8 8 10 15 5 13 0 8 9 17 13 1 4 9 2 4 3 14 15 1 14 3 3 10 12 2 9 10 0 7 0 9 13 6 10 5 8 0 13 8 0 11 18 2 10 9 10 0 10 14 18 17 2 1 6 4 6 9 14 6 16 4 15 5 5 15 11 1 3 11
19 10 16 16 9 11 7 0 15 2 2 14 2 11 12 19 10 5 7 17 17 18 4 3 14 14 18 16 16 16 4 7 11 0 11 18 19 12 0 5 7 9 9 6 11 4 6 15 8 5 2 11 3 19 7 1 17 5 2 9 14 17 6 16 17 17 12 6 7 10 3 6 2 17 9 6 4 7 9 3 12 1 19 3 0 8 1 1 15 1 19 14 1 12 13 14 4 6 19 12
14 16 1 17 1 15 17 17 2 16 2 12 17 5 2 9 7 13 6 13 5 2 3 10 4 13 13 0 9 2 0 4 19 11 7 3 15 17 0 13 16 0 3 14 15 11 3 5 12 18 2 19 18 1 4 10 11 5 2 3 16 9 19 13 15 5 8 4 17 10 8 8 3 10 14 9 4 17 18 2 5 16 17 9 19 13 17 7 15 15 4 16 12 8 16 17 18 0 19 19
15 11 12 11 2 6 14 1 9 2 15 9 19 10 7 9 7 2 2 19 0 4 19 13 17 5 19 6 7 11 10 10 8 2 16 18 10 13 6 1 17 2 18 10 13 17 12 15 7 5 11 10 1 15 0 6 1 10 12 5 18 15 8 11 13 18 4 5 15 10 16 2 14 2 11 1 17 11 13 5 15 8 4 2 19 12 13 17 9 15 7 1 17 3 8 19 17 8 12 3
8 9 15 4 12 17 2 10 19 10 4 10 2 14 9 17 14 15 3 4 15 19 9 8 17 7 12 2 17 19 16 13 5 7 15 7 16 16 8 0 8 6 6 5 13 8 6 0 12 17 11 9 19 6 0 16 17 16 15 0 17 15 4 3 0 18 12 7 14 17 7 13 0 5 8 19 7 12 19 11 4 9 3 14 13 12 5 7 3 12 13 4 0 0 12 1 14 9 10 11
13 6 0 3 2 9 12 0 1 1 12 18 12 11 13 16 0 2 17 7 11 6 14 7 18 7 4 15 10 5 17 12 10 3 12 19 15 10 12 0 18 3 17 1 9 12 11 2 0 19 19 12 14 3 6 9 9 3 13 17 6 12 9 18 16 10 6 5 18 14 3 6 11 7 15 15 14 3 3 2 18 3 2 12 16 17 2 14 18 12 5 10 14 1 18 9 16 5 17 4
0 19 12 7 7 8 12 6 4 12 16 18 14 15 4 18 0 15 12 14 8 15 14 11 11 8 4 13 13 12 11 13 4 9 17 8 15 10 2 8 18 15 18 3 15 9 16 1 6 1 5 13 16 7 14 4 5 6 4 13 16 9 19 9 3 14 17 3 19 2 19 5 5 17 12 1 2 12 17 18 8 8 10 18 5 12 7 13 3 6 0 19 9 14 9 14 17 4 16 16
6 15 13 3 8 10 16 12 2 5 5 1 12 7 9 10 17 19 11 17 10 12 18 1 11 14 16 4 1 18 6 9 9 5 7 1 16 8 9 15 0 6 19 17 18 18 0 9 0 11 16 10 9 5 8 0 6 14 10 13 0 1 11 12 3 17 16 10 1 13 3 8 15 14 3 0 15 18 1 11 11 12 9 6 9 4 16 0 0 5 18 7 13 3 15 6 9 2 18 19
6 8 6 1 8 18 1 4 18 10 6 16 14 15 2 6 17 13 16 8 2 3 17 0 5 7 10 4 11 12 4 4 4 17 15 3 7 17 13 14 17 6 9 3 12 15 18 14 10 9 10 2 15 0 13 10 15 2 12 19 16 3 14 13 18 9 4 2 11 3 12 10 1 15 12 5 10 4 11 18 16 11 13 0 17 9 7 18 12 14 14 10 16 12 0 1 5 15 18 1
5 4 0 4 8 8 18 18 15 2 8 13 14 3 9 19 16 5 11 7 15 6 6 15 0 14 18 10 8 8 18 2 8 1 18 16 10 9 7 6 4 6 13 0 16 18 14 19 5 4 6 7 13 2 13 4 16 10 12 14 4 14 14 11 13 5 10 17 18 10 3 17 1 3 11 7 0 15 12 3 16 11 18 0 2 11 12 11 19 7 18 2 0 3 11 1 3 0 17 0
5 4 6 6 9 14 4 10 3 14 7 17 8 17 12 11 5 8 9 9 18 13 8 14 6 7 18 16 15 15 1 9 3 10 12 11 4 1 1 1 0 19 7 15 14 18 17 8 11 13 2 5 4 12 11 5 15 0 2 3 9 1 0 4 7 5 1 6 3 2 14 8 17 15 0 18 1 7 7 19 11 7 10 1 6 1 9 1 13 12 10 0 4 10 13 1 9 12 13 0
14 17 8 6 18 13 6 6 2 11 0 44 58 71 73 3 12 15 15 16 4 2 16 13 16 7 15 19 15 15 0 9 0 4 9 0 8 5 17 19 8 2 3 14 0 15 6 4 9 6 14 11 19 15 19 11 19 15 8 8 2 14 19 4 6 1 7 10 7 4 6 16 0 1 12 18 0 13 3 12 5 19 12 6 3 14 7 10 6 2 15 14 4 6 12 18 8 4 8 12
10 9 11 10 2 15 10 8 10 12 11 37 2 6 84 13 8 19 12 10 12 4 8 10 17 10 9 16 13 15 18 9 6 1810 1813 1827 1836 1848 7 8 3 15 10 1 9 12 6 11 1 3 14 10 15 10 15 11 17 6 8 0 17 4 8 15 14 2 1 17 6 12 18 1 3 11 8 1 5 5 12 13 10 0 9 16 7 19 0 3 3 19 19 14 17 3 13 16 15 6 6 14
4 12 7 17 1 7 9 12 16 3 7 33 30 16 96 2 9 4 11 0 19 4 12 4 17 14 19 5 4 16 11 4 4 1804 1376 1381 1391 1404 1414 1421 1425 1428 1443 1446 1457 1464 1478 1485 1 0 0 15 6 13 13 0 12 11 5 6 10 1 14 6 9 6 8 9 17 3 8 7 12 10 17 19 14 8 0 1 18 7 7 0 4 19 17 16 11 1 7 19 9 16 14 5 8 4 19 6
7 16 7 3 6 4 4 9 14 11 11 13 8 5 99 7 0 12 12 6 9 9 9 7 16 9 11 1 0 17 0 8 16 1799 1373 974 984 989 1003 1017 1020 1034 1044 1058 1067 1081 1095 1492 3 19 1 15 15 1 11 3 3 9 8 2 14 9 11 1 11 14 16 7 19 4 14 19 11 0 13 17 10 0 13 14 12 1 18 2 12 0 9 11 8 19 19 16 6 5 13 19 16 12 8 11
12 10 1 8 5 14 4 16 2 12 8 10 12 0 2 9 6 11 7 3 16 15 19 10 3 16 0 11 4 2 10 10 7 1795 1358 962 635 645 647 653 666 672 677 692 694 707 1103 1497 14 0 6 15 6 5 16 18 10 2 2 17 11 8 12 15 3 9 0 14 18 5 16 8 13 3 13 8 8 7 0 6 6 14 8 7 4 2 19 2 10 8 9 1 1 19 5 4 14 19 3 10
1 14 6 14 17 5 7 6 19 6 13 13 18 9 18 6 10 17 6 19 0 1 7 3 8 2 16 7 12 6 3 3 13 1789 1346 950 623 361 373 386 387 399 404 407 420 714 1117 1503 13 11 18 4 7 13 15 2 19 5 3 5 18 14 10 15 1 11 4 19 2 16 16 6 14 3 4 11 16 0 7 4 1 10 11 11 8 5 1 15 4 9 9 18 8 4 14 2 14 14 17 15
11 16 16 17 9 0 11 19 10 7 14 3 9 0 10 18 11 3 12 2 3 13 2 6 5 7 1 10 15 13 19 16 1 1783 1339 942 613 352 190 199 206 213 223 225 435 721 1119 1509 7 6 14 15 13 13 6 13 6 7 5 6 5 1 6 6 9 14 14 9 3 14 13 6 14 18 15 16 11 19 6 19 1 15 10 18 6 9 17 6 14 9 1 1 4 8 6 8 3 13 4 9
10 16 16 6 7 1 18 14 13 0 11 17 16 12 12 6 17 6 19 18 10 8 16 16 15 17 19 19 14 6 8 4 0 1778 1335 938 601 349 186 75 84 92 98 228 447 731 1123 1511 15 15 0 13 17 0 4 7 3 13 9 11 18 19 6 8 16 16 0 14 4 3 12 6 6 9 14 11 3 12 11 4 11 5 0 11 16 5 0 2 7 2 16 12 16 3 18 6 7 2 1 2
16 19 19 12 18 5 6 15 19 6 3 6 6 10 12 16 7 0 12 4 8 18 9 13 4 18 1 6 4 9 9 5 7 1774 1323 925 591 339 181 66 4 15 100 233 449 743 1126 1519 5 8 0 15 9 5 10 12 9 1 5 3 0 17 16 15 14 17 17 14 6 0 7 6 15 14 13 11 0 15 12 5 3 10 4 1 3 5 1 15 4 3 7 15 10 0 18 4 0 12 4 15
0 11 19 12 0 18 16 19 15 17 0 11 16 17 16 11 13 12 8 7 16 1 8 16 3 0 11 19 18 4 3 8 17 1766 1312 911 587 324 168 55 3 26 109 245 455 757 1127 1527 12 6 17 4 6 13 14 7 10 8 3 5 4 10 14 13 0 7 10 0 10 2 11 11 7 16 2 9 5 2 1 14 8 1 6 14 18 17 7 16 0 8 2 15 17 5 14 6 19 1 5 1
3 16 7 3 6 11 4 15 5 1 5 8 16 7 13 12 11 1 17 18 13 17 0 7 10 10 17 18 10 13 10 19 2 1763 1308 899 580 322 165 50 39 28 117 247 465 758 1137 1534 18 3 2 3 4 6 2 5 2 3 16 18 6 16 19 10 3 16 7 6 6 3 8 10 12 2 14 2 10 14 17 19 6 1 5 9 2 16 18 3 6 14 8 18 3 4 1 9 12 16 13 12
4 16 19 12 14 9 11 15 12 3 3 4 16 2 2 5 10 5 5 15 5 7 4 14 8 15 9 2 16 0 14 0 13 1752 1307 897 572 310 152 141 134 132 131 262 476 761 1152 1543 5 7 12 10 0 12 11 1 14 9 1 15 9 3 9 6 12 10 18 9 10 6 0 8 10 12 14 13 16 19 17 19 10 10 5 16 15 3 19 17 0 8 11 13 4 10 2 14 9 16 14 7
11 17 13 5 17 8 7 16 10 2 0 12 18 12 18 5 17 15 15 16 15 2 13 4 4 16 17 19 14 13 13 4 12 1741 1296 883 571 309 301 291 285 279 277 267 485 775 1164 1554 11 9 2 7 6 7 5 3 2 13 2 14 0 15 7 4 5 10 10 17 14 14 9 13 8 2 5 1 18 11 12 19 0 8 2 2 14 13 1 19 17 5 13 19 6 10 1 11 1 0 15 16
11 1 13 7 11 3 18 16 1 18 6 16 4 0 10 5 11 18 3 9 10 13 3 6 14 5 9 5 16 4 8 16 17 1730 1284 872 562 554 550 537 527 513 500 497 491 789 1174 1568 12 17 2 11 1 4 10 15 8 0 8 9 3 13 5 7 15 9 8 9 18 19 18 3 0 2 2 11 17 0 14 1 13 11 18 1 17 14 19 9 1 3 11 0 18 0 10 14 10 19 16 5
6 14 18 7 0 15 13 9 12 1 15 19 8 3 7 13 14 16 3 18 5 19 12 6 0 12 16 9 18 7 16 2 19 1721 1279 862 851 848 844 831 823 822 808 798 797 794 1177 1583 9 1 8 16 11 19 9 15 2 9 13 4 6 17 10 0 2 6 3 2 6 1 12 17 10 5 11 19 10 13 4 15 10 10 12 4 8 15 4 7 11 3 18 7 7 2 8 3 19 3 8 15
9 2 17 7 16 9 11 5 2 12 8 13 8 9 5 18 15 4 11 2 8 19 0 9 0 1 8 18 1 4 16 15 3 1719 1272 1267 1252 1239 1236 1235 1224 1217 1208 1203 1192 1184 1178 1596 9 5 17 19 13 16 13 16 13 14 5 11 16 19 17 13 19 18 14 8 3 5 12 15 19 9 16 15 2 2 7 14 9 18 1 19 1 2 2 2 8 6 15 4 17 14 9 4 17 5 11 10
16 5 17 8 13 14 15 12 1 0 2 18 12 7 1 2 17 14 16 12 11 8 6 10 0 4 19 14899 14910 14925 14936 14939 14944 14948 14958 14972 14976 14978 14982 14994 14995 15005 15006 15008 15011 15013 15020 15031 15032 15044 15056 15066 15071 15075 15088 15097 15102 15109 15116 15127 15131 15139 15140 15142 15154 15169 15179 15183 15194 15208 15222 15224 7 9 0 5 18 7 14 16 18 1 3 15 6 14 2 12 14 15 17 8 5 6 6 11 16 5 19 6
17 9 7 18 3 13 18 18 1 2 3 4 5 17 9 12 11 15 13 16 18 11 5 11 14 5 11 14890 13597 13609 13612 13615 13616 13617 13618 13621 13622 13624 13636 13650 13655 13657 13658 13667 13679 13688 13702 13712 13720 13724 13727 13735 13748 13760 13772 13782 13788 13789 13793 13803 13817 13818 13820 13831 13839 13841 13853 13868 13880 13884 13887 15228 6 12 14 19 0 8 13 14 1 4 4 3 1 1 3 5 19 9 8 9 0 16 5 6 14 13 17 0
19 19 4 11 12 19 17 15 13 11 11 15 0 15 9 6 18 7 13 1 16 18 18 7 9 14 10 14884 13583 12246 12253 12258 12262 12274 12284 12285 12297 12307 12312 12324 12327 12334 12339 12347 12355 12368 12381 12392 12404 12417 12432 12447 12449 12452 12458 12460 12467 12480 12487 12496 12507 12516 12531 12544 12552 12565 12578 12584 12591 12602 13898 15235 2 10 11 0 18 14 19 14 2 6 12 15 1 16 9 8 16 12 0 4 4 2 17 1 18 15 13 4
6 7 2 7 5 2 5 0 14 5 19 19 11 2 12 16 13 6 17 2 12 5 9 3 0 11 7 14874 13576 12238 11107 11115 11125 11131 11132 11144 11145 11147 11159 11164 11165 11172 11179 11186 11188 11193 11199 11200 11207 11221 11231 11240 11241 11246 11252 11264 11272 11281 11295 11296 11305 11308 11311 11315 11316 11322 11336 11347 11353 12614 13901 15236 15 5 11 8 18 4 7 16 14 18 2 0 4 11 12 9 8 3 10 9 14 5 17 1 12 6 14 9
18 0 7 3 1 7 7 4 19 10 14 11 2 16 15 7 11 12 1 4 1 15 7 9 17 6 11 14870 13570 12227 11103 9910 9917 9932 9943 9949 9963 9965 9973 9975 9982 9996 10011 10021 10029 10032 10037 10051 10052 10053 10055 10068 10071 10086 10088 10097 10103 10106 10120 10129 10143 10158 10173 10187 10202 10216 10231 10241 11356 12624 13904 15247 15 12 5 14 17 6 19 10 12 14 0 8 0 2 12 13 5 9 19 11 8 8 10 0 2 14 11 1
5 5 12 8 1 3 10 11 9 9 17 14 6 19 13 10 3 0 13 7 5 12 15 3 16 3 7 14862 13556 12223 11092 9904 8822 8830 8833 8840 8854 8859 8873 8881 8890 8891 8897 8908 8913 8914 8927 8940 8949 8954 8958 8962 8975 8984 8994 9005 9009 9010 9024 9026 9033 9046 9047 9056 9058 9060 9074 10253 11367 12637 13916 15260 4 1 19 9 12 5 5 1 2 9 13 0 13 11 7 9 12 17 14 8 15 12 14 1 15 9 19 11
5 19 8 2 8 9 2 9 8 18 2 3 18 2 4 8 18 7 14 2 12 16 0 17 14 13 9 14853 13542 12218 11078 9896 8809 7897 7900 7902 7906 7912 7922 7924 7937 7943 7949 7953 7965 7970 7985 7995 7999 8005 8016 8018 8027 8028 8040 8053 8060 8067 8076 8077 8085 8100 8112 8122 8124 8134 9083 10254 11372 12652 13917 15265 16 0 14 5 8 17 6 6 0 2 6 3 3 12 13 18 3 18 19 4 9 9 3 5 19 13 13 2
1 12 7 2 11 9 12 18 18 9 1 1 9 9 15 2 18 1 9 15 5 10 14 17 0 14 5 14841 13541 12205 11075 9883 8802 7893 7025 7029 7039 7051 7055 7066 7071 7080 7083 7088 7092 7098 7110 7111 7123 7134 7146 7152 7161 7173 7177 7180 7182 7190 7202 7205 7212 7219 7223 7235 7241 8141 9091 10263 11386 12662 13919 15271 16 13 10 4 1 11 0 18 1 14 12 5 12 3 0 12 12 2 1 19 11 12 13 7 14 18 16 8
18 11 14 3 11 13 8 9 11 12 11 18 4 0 17 10 13 8 7 1 13 6 18 17 13 5 19 14826 13528 12203 11069 9873 8801 7892 7010 6152 6156 6159 6172 6176 6189 6202 6216 6229 6233 6244 6251 6258 6266 6280 6281 6284 6294 6300 6315 6320 6327 6337 6341 6350 6360 6363 6371 6385 7250 8156 9102 10272 11391 12676 13927 15284 16 15 16 4 13 19 7 13 5 1 5 11 1 8 0 4 17 5 15 11 17 14 8 8 13 10 0 7
2 18 16 4 10 9 13 1102 1092 1087 1083 1077 1068 1054 1039 1034 1024 1023 17 17 16 0 7 7 10 10 6 14823 13515 12192 11059 9863 8796 7889 7006 6140 5308 5309 5324 5329 5332 5347 5356 5367 5381 5387 5398 5410 5411 5420 5423 5437 5444 5458 5467 5469 5483 5488 5495 5501 5504 5510 5513 6387 7259 8170 9114 10275 11393 12682 13935 15290 13 19 5 3 10 18 15 13 10 3 1 9 13 12 4 4 4 10 19 4 1 0 19 5 1 3 5 19
12 8 18 15 16 2 15 740 728 720 709 694 683 676 667 653 642 1014 10 1 17 18 10 1 3 10 10 14809 13508 12183 11047 9862 8785 7880 6994 6125 5294 4568 4573 4576 4579 4586 4601 4610 4624 4632 4639 4641 4650 4659 4665 4667 4669 4672 4684 4691 4699 4712 4717 4730 4737 4746 5519 6401 7265 8182 9118 10280 11406 12694 13943 15300 14 11 14 12 13 3 4 17 12 12 0 13 10 0 14 11 4 10 11 17 1 5 0 5 3 0 10 8
6 14 18 4 19 19 14 746 419 418 414 406 400 394 380 379 634 1004 15 4 5 12 14 8 19 16 13 14801 13502 12179 11045 9854 8780 7878 6993 6122 5293 4558 3806 3808 3816 3831 3844 3859 3860 3873 3881 3884 3898 3908 3918 3928 3934 3936 3945 3955 3970 3979 3989 4002 4008 4750 5533 6416 7280 8197 9127 10284 11420 12699 13954 15302 17 7 4 0 16 19 18 7 19 17 13 2 3 19 15 4 19 0 1 18 13 7 8 13 8 8 12 17
15 8 9 5 0 3 6 759 431 227 225 223 208 201 195 371 625 990 18 6 6 9 1 5 19 18 14 14793 13487 12168 11038 9848 8765 7870 6979 6112 5286 4549 3793 3079 3090 3097 3110 3125 3128 3141 3142 3155 3157 3171 3174 3180 3186 3191 3205 3207 3218 3232 3243 3257 4011 4765 5547 6422 7295 8199 9142 10296 11422 12703 13968 15310 18 7 2 1 15 9 11 19 10 9 8 1 18 0 7 19 5 7 1 11 9 6 10 19 10 0 9 17
15 11 15 4 16 18 11 771 433 240 102 96 86 74 186 369 612 988 14 0 4 1 5 8 13 8 16 14783 13479 12157 11035 9835 8751 7862 6971 6105 5275 4548 3789 3067 2482 2484 2499 2502 2515 2522 2529 2536 2538 2550 2556 2558 2563 2569 2579 2584 2592 2601 2605 3260 4022 4771 5556 6429 7308 8212 9148 10302 11423 12705 13979 15324 10 7 1 1 6 10 6 0 13 16 11 2 11 9 0 5 1 10 12 18 14 16 13 3 2 8 18 8
17 18 0 18 5 15 1 785 444 249 107 18 10 70 182 361 603 986 2 0 4 1 18 17 2 14 2 14780 13474 12149 11029 9823 8743 7855 6956 6096 5262 4544 3780 3056 2475 1945 1952 1964 1979 1994 1999 2003 2013 2020 2029 2030 2039 2041 2052 2058 2061 2071 2616 3269 4029 4773 5566 6436 7314 8218 9153 10311 11426 12717 13983 15337 17 7 4 10 10 9 17 2 11 13 6 15 19 9 9 19 18 13 10 15 11 2 2 16 0 12 16 14
15 2 4 3 9 13 3 791 458 250 111 32 9 65 181 353 598 980 8 14 13 2 19 0 8 16 19 14770 13469 12141 11022 9816 8742 7851 6952 6094 5256 4531 3771 3043 2460 1937 1479 1485 1497 1499 1511 1516 1523 1525 1533 1537 1548 1560 1574 1579 1583 2075 2628 3276 4035 4782 5581 6447 7321 8224 9159 10318 11441 12729 13985 15351 0 16 0 4 0 15 14 17 5 18 9 8 18 17 4 2 13 9 3 3 17 16 6 6 4 11 2 4
8 14 6 9 13 13 4 805 467 263 125 40 51 54 178 350 594 965 1 10 12 18 15 5 18 19 15 14768 13454 12135 11020 9815 8737 7836 6950 6088 5251 4518 3760 3036 2453 1935 1467 1076 1077 1091 1094 1100 1115 1122 1129 1132 1134 1147 1158 1166 1590 2085 2633 3277 4039 4787 5595 6451 7329 8234 9164 10329 11450 12744 13995 15363 4 2 9 4 14 7 5 4 10 4 18 11 3 0 10 5 13 5 11 3 8 15 7 14 14 15 13 19
10 19 8 18 2 4 14 815 472 264 127 142 153 160 170 338 579 961 6 2 14 3 6 0 5 10 14 14763 13451 12134 11010 9812 8736 7831 6946 6077 5239 4503 3746 3034 2452 1925 1458 1074 745 757 771 783 794 806 812 820 828 839 842 1168 1601 2100 2638 3289 4046 4791 5602 6460 7331 8241 9175 10341 11461 12751 14002 15364 3 2 17 0 10 12 17 2 7 4 11 18 10 4 11 19 6 13 5 18 12 15 13 7 16 18 13 1
1 19 2 8 9 5 16 826 477 274 285 296 302 314 321 329 571 947 8 2 19 6 1 1 4 18 13 14748 13439 12124 11009 9806 8729 7825 6943 6063 5237 4496 3742 3025 2439 1924 1450 1067 732 487 498 501 516 519 529 530 534 549 846 1176 1616 2104 2642 3292 4057 4801 5611 6470 7339 8242 9183 10349 11463 12754 14010 15376 6 3 16 7 16 1 17 11 9 2 9 17 16 19 18 19 3 8 13 1 6 17 0 12 6 4 0 9
12 4 13 15 7 8 10 829 486 498 507 515 525 534 541 554 556 942 11 18 17 18 18 19 10 2 15 14735 13436 12121 11002 9792 8718 7820 6941 6057 5224 4487 3737 3017 2435 1918 1437 1062 724 479 269 274 277 278 287 294 301 562 858 1189 1624 2110 2656 3303 4067 4805 5613 6481 7343 8248 9189 10364 11473 12759 14024 15391 10 7 1 11 19 8 5 2 5 11 2 1 5 4 18 2 10 10 13 18 1 15 17 14 2 6 17 6
10 4 10 18 19 12 10 840 855 865 880 885 890 902 903 910 923 934 11 7 7 13 19 2 2 1 6 14724 13432 12116 10988 9784 8716 7815 6936 6045 5216 4472 3722 3015 2428 1914 1424 1049 709 467 268 109 117 126 132 141 312 575 865 1195 1636 2116 2665 3315 4077 4812 5618 6493 7352 8249 9203 10370 11488 12771 14039 15392 15 9 9 8 18 19 10 1 12 8 12 9 7 7 7 0 14 12 12 8 15 3 12 11 5 3 18 7
4 18 15 17 3 11 1 7 5 2 9 17 12 3 13 18 13 5 12 6 16 4 8 14 7 13 6 14720 13431 12103 10987 9773 8713 7808 6928 6038 5211 4466 3707 3002 2415 1903 1410 1042 707 457 267 97 31 35 46 156 323 590 872 1201 1651 2126 2669 3316 4078 4815 5621 6504 7355 8258 9217 10371 11491 12786 14042 15394 9 1 9 2 18 4 6 14 5 17 10 17 13 18 2 5 19 6 7 14 0 9 11 15 2 1 17 18
5 15 1 18 16 0 10 7 17 6 19 18 5 6 15 5 11 0 12 2 10 13 14 11 13 8 5 14711 13421 12101 10974 9759 8702 7805 6914 6030 5210 4454 3703 2996 2406 1890 1404 1033 705 448 256 91 17 4 50 168 331 592 875 1214 1656 2140 2676 3324 4079 4824 5625 6518 7361 8260 9221 10374 11503 12787 14052 15405 5 11 1 6 15 11 19 1 14 14 2 8 18 12 6 13 7 16 13 9 16 12 4 18 14 2 3 6
10 18 2 17 10 14 10 17 18 8 7 12 5 15 2 1 13 4 10 3 19 18 11 14 0 0 8 14702 13410 12093 10964 9747 8698 7791 6899 6023 5196 4440 3688 2987 2394 1881 1391 1024 703 437 242 88 81 67 59 171 334 599 884 1221 1670 2153 2680 3328 4094 4826 5640 6528 7373 8272 9223 10386 11518 12797 14054 15407 7 11 14 8 5 5 5 2 0 5 0 14 18 2 19 18 8 4 10 10 4 2 4 6 19 15 6 17
15 17 13 14 3 2 13 10 5 19 0 5 7 10 18 12 1 0 6 6 17 11 0 17 4 16 1 14698 13400 12088 10952 9737 8691 7790 6897 6011 5193 4431 3674 2974 2392 1879 1390 1018 700 432 229 218 208 204 194 184 345 602 895 1226 1679 2158 2693 3340 4095 4835 5645 6531 7387 8276 9225 10397 11524 12803 14063 15416 2 5 7 9 17 1 10 8 1 16 10 17 1 1 5 5 13 12 4 3 3 6 13 7 9 0 13 18
10 18 12 11 7 1 3 17 8 19 5 14 19 15 5 16 16 11 2 6 1 0 3 13 16 17 17 14693 13385 12077 10941 9735 8688 7786 6894 6010 5187 4426 3670 2966 2386 1876 1375 1008 694 420 408 395 380 379 366 359 355 614 905 1241 1685 2173 2707 3343 4110 4850 5654 6542 7402 8280 9240 10405 11536 12807 14075 15423 13 8 7 7 16 11 14 10 15 10 13 15 11 11 2 12 2 4 8 17 18 15 10 12 6 2 13 3
3 16 18 2 0 19 3 14 8 4 4 13 3 4 10 7 8 10 15 8 15 4 9 3 7 11 19 14688 13381 12065 10927 9721 8684 7784 6889 5998 5186 4415 3667 2958 2379 1863 1367 1006 687 678 675 665 664 662 651 641 637 628 908 1256 1694 2188 2710 3358 4120 4853 5657 6544 7406 8291 9246 10409 11550 12820 14077 15429 7 0 2 14 18 17 3 5 8 13 19 13 0 1 15 5 4 18 11 12 7 7 12 19 17 6 3 19
11 1 13 3 18 6 5 16 12 9 11 7 18 13 6 10 5 10 13 19 12 14 0 1 12 1 6 14680 13373 12064 10914 9720 8679 7773 6877 5986 5173 4410 3653 2943 2366 1860 1354 1001 988 985 972 969 954 951 939 937 935 931 920 1259 1704 2193 2711 3373 4121 4866 5670 6551 7411 8292 9255 10416 11558 12835 14089 15438 10 16 18 18 19 12 2 14 10 17 1 15 10 5 0 3 0 17 16 6 1 13 10 16 5 11 15 14
4 8 13 13 18 19 6 14 13 19 16 9 6 3 16 5 4 12 10 19 4 10 1 10 1 6 3 14673 13368 12054 10902 9706 8668 7763 6875 5980 5171 4401 3640 2938 2356 1854 1339 1334 1328 1325 1323 1309 1306 1297 1296 1284 1282 1281 1271 1261 1717 2202 2718 3380 4132 4873 5677 6559 7414 8303 9270 10424 11571 12843 14099 15444 11 14 12 8 2 0 3 5 11 11 3 0 19 11 14 17 7 18 0 5 2 19 16 18 2 13 15 4
9 14 6 13 15 6 0 4 14 7 7 4 4 15 1 19 8 15 2 3 16 1 4 5 6 1 7 14661 13364 12041 10897 9704 8653 7759 6868 5968 5162 4388 3634 2927 2353 1840 1835 1827 1820 1809 1794 1784 1775 1769 1756 1743 1741 1736 1734 1733 1718 2206 2724 3384 4141 4878 5685 6567 7423 8304 9273 10435 11584 12855 14105 15459 1 5 12 5 13 9 17 19 11 7 13 7 7 1 5 3 6 2 1 19 16 14 12 2 1 6 0 11
14 3 6 0 5 9 13 12 13 17 4 6 6 10 4 12 5 10 2 13 2 12 17 2 19 1 4 14658 13349 12031 10895 9692 8644 7758 6857 5953 5148 4377 3633 2913 2352 2351 2343 2332 2324 2314 2312 2304 2296 2289 2285 2276 2268 2256 2248 2240 2225 2213 2735 3386 4150 4889 5686 6573 7425 8316 9274 10449 11593 12869 14111 15470 19 15 5 0 5 11 18 4 9 14 4 1 14 3 17 5 19 11 7 19 2 11 7 8 8 18 8 11
15 2 3 10 17 19 19 15 13 13 0 3 16 9 8 16 1 7 2 9 8 14 3 6 15 1 5 14653 13343 12017 10893 9679 8637 7757 6849 5950 5133 4366 3620 2904 2890 2875 2863 2856 2849 2848 2837 2825 2815 2812 2807 2800 2788 2773 2760 2751 2749 2744 2739 3394 4164 4892 5690 6578 7440 8318 9277 10455 11603 12874 14119 15485 7 16 0 4 1 17 2 8 4 12 1 9 13 4 10 9 12 9 0 1 19 2 3 12 0 10 12 17
2 9 7 10 1 17 18 18 17 6 0 4 15 5 15 1 5 15 6 4 15 18 5 16 14 8 15 14643 13330 12013 10888 9666 8633 7742 6834 5946 5129 4354 3616 3612 3600 3586 3579 3568 3554 3539 3526 3514 3504 3490 3478 3474 3469 3457 3448 3438 3426 3425 3421 3408 4178 4900 5696 6593 7449 8330 9283 10456 11606 12881 14125 15491 4 5 2 6 9 7 17 6 19 5 5 10 19 19 7 9 1 1 18 16 0 17 10 17 18 2 0 8
17 18 5 16 16 0 2 4 12 13 8 15 2 16 1 12 3 3 3 6 9 8 12 12 14 0 13 14634 13316 12011 10876 9665 8624 7732 6823 5935 5127 4342 4333 4331 4326 4323 4310 4308 4304 4291 4289 4287 4283 4275 4260 4258 4252 4239 4235 4227 4216 4207 4200 4190 4182 4915 5709 6604 7453 8338 9293 10464 11610 12895 14131 15500 10 17 16 17 9 9 14 9 3 10 7 8 5 13 19 1 12 19 2 15 7 16 17 12 15 19 5 10
1 12 7 9 4 8 12 18 19 4 14 19 5 1 14 12 1 6 3 18 13 2 19 2 1 4 0 14628 13311 12005 10875 9663 8617 7728 6813 5923 5121 5117 5110 5097 5094 5087 5084 5073 5065 5059 5047 5041 5032 5023 5008 5005 4992 4977 4970 4963 4954 4952 4948 4941 4937 4928 5710 6615 7462 8340 9296 10478 11623 12899 14140 15506 12 18 6 2 8 6 8 19 11 15 6 18 14 3 18 10 8 9 19 2 14 18 4 6 4 14 11 5
12 2 8 6 4 8 3 16 8 4 15 5 4 6 17 4 3 12 1 14 5 1 2 6 10 10 8 14615 13305 11992 10872 9658 8602 7725 6806 5921 5918 5916 5914 5908 5897 5889 5876 5872 5865 5852 5843 5832 5823 5813 5805 5792 5790 5785 5778 5773 5760 5753 5739 5735 5727 5714 5711 6617 7476 8345 9308 10485 11632 12900 14154 15508 10 19 16 1 19 7 16 15 7 6 2 14 9 2 5 2 11 1 0 18 13 6 9 2 10 15 19 11
17 12 8 19 8 8 18 17 16 16 5 7 16 12 2 2 4 14 5 2 12 0 15 19 5 2 18 14605 13302 11977 10869 9644 8601 7717 6805 6803 6792 6785 6776 6773 6771 6758 6756 6745 6734 6732 6727 6723 6709 6703 6689 6688 6679 6667 6664 6659 6654 6649 6648 6644 6632 6629 6628 6620 7479 8346 9318 10490 11635 12913 14162 15514 17 4 1 9 4 8 13 15 6 3 0 9 4 17 13 18 9 19 1 4 7 6 6 18 14 12 10 17
17 0 10 13 15 11 8 18 0 15 14 16 12 7 4 0 14 15 11 13 17 17 16 9 7 4 1 14595 13296 11967 10864 9640 8599 7711 7709 7699 7684 7678 7665 7655 7654 7653 7641 7628 7627 7616 7615 7610 7596 7595 7590 7584 7582 7577 7562 7559 7548 7540 7526 7523 7519 7512 7510 7500 7489 8358 9323 10500 11643 12919 14164 15527 0 9 8 2 7 15 8 10 6 14 12 17 18 19 5 6 0 4 9 18 3 4 13 4 11 17 7 4
8 13 1 14 3 9 18 16 11 12 16 5 10 11 10 14 3 3 18 16 3 15 1 12 7 0 14 14581 13288 11961 10850 9639 8597 8584 8579 8566 8564 8563 8557 8551 8546 8538 8537 8528 8514 8508 8493 8481 8480 8473 8464 8451 8450 8442 8435 8430 8422 8412 8404 8402 8399 8394 8388 8387 8375 8361 9331 10515 11651 12932 14174 15533 8 12 4 13 17 15 12 15 17 8 15 12 11 2 11 7 1 19 0 19 2 0 10 14 2 0 17 5
5 13 10 12 11 8 8 16 7 7 5 6 15 18 6 12 3 1 16 18 15 15 5 18 18 16 15 14572 13285 11956 10842 9627 9623 9612 9597 9588 9577 9564 9557 9548 9545 9532 9525 9521 9517 9505 9491 9484 9479 9478 9473 9467 9459 9453 9448 9435 9434 9426 9412 9401 9391 9377 9371 9364 9357 9344 9333 10526 11652 12938 14178 15548 17 14 6 16 3 11 11 2 17 2 12 10 18 15 7 7 2 15 7 8 15 13 3 6 11 1 9 18
11 0 13 5 17 1 2 10 5 11 5 8 13 10 11 1 15 6 5 13 4 1 10 3 13 17 3 14564 13272 11943 10840 10830 10817 10808 10797 10784 10777 10765 10754 10752 10749 10734 10732 10724 10713 10700 10686 10673 10670 10659 10650 10640 10629 10625 10612 10601 10597 10592 10591 10580 10578 10577 10576 10566 10555 10546 10544 10540 11663 12944 14182 15550 2 8 10 9 3 12 2 18 0 14 12 14 12 14 1 9 18 16 9 2 7 15 16 1 7 4 6 12
16 7 13 17 1 10 10 4 14 10 13 13 11 13 5 8 2 0 16 11 13 10 6 19 12 6 16 14550 13258 11935 11924 11918 11912 11906 11895 11892 11891 11890 11879 11871 11861 11854 11845 11834 11828 11820 11810 11796 11795 11783 11779 11764 11762 11759 11756 11755 11741 11733 11728 11722 11715 11712 11698 11697 11691 11689 11687 11679 11666 12948 14191 15551 8 2 14 19 9 17 5 11 10 11 5 1 19 12 12 7 7 8 6 6 10 4 16 2 13 10 14 7
4 14 13 8 10 0 11 3 16 12 14 0 14 4 15 17 11 17 4 17 0 8 8 4 6 5 13 14538 13251 13243 13241 13230 13222 13212 13204 13199 13197 13196 13192 13188 13175 13173 13162 13156 13143 13139 13138 13136 13127 13120 13114 13105 13091 13087 13077 13073 13059 13056 13047 13039 13028 13015 13006 13003 12992 12991 12977 12966 12962 12954 14193 15560 19 15 6 10 5 0 14 12 18 3 6 12 5 8 12 12 6 8 2 2 2 10 8 13 0 1 0 13
10 6 17 6 0 11 0 15 16 0 7 11 18 17 0 15 18 13 15 2 0 13 11 2 15 0 6 14529 14519 14507 14496 14486 14484 14480 14477 14465 14462 14454 14447 14439 14437 14427 14424 14414 14411 14398 14394 14383 14372 14367 14362 14357 14354 14344 14340 14330 14323 14318 14314 14303 14290 14277 14275 14265 14264 14253 14241 14227 14222 14211 14203 15567 18 2 5 15 7 7 3 17 3 11 1 15 10 11 5 0 8 19 15 14 14 5 4 18 8 14 10 14
12 13 2 12 18 17 1 12 16 3 19 6 3 4 1 18 19 17 3 8 15 11 5 19 1 15 5 7 13 11 0 13 3 18 0 4 14 6 19 10 6 3 10 17 10 6 0 3 15 19 4 15752 15746 15731 15724 15714 15712 15700 15685 15672 15666 15652 15640 15628 15624 15618 15612 15607 15604 15592 15589 15577 18 13 14 14 8 0 18 3 6 7 17 5 19 0 4 7 7 7 8 15 18 13 7 4 17 8 1 3
13 7 17 17 16 3 13 17 4 11 11 2 2 12 6 16 16 16 9 18 18 3 6 10 18 11 10 4 19 0 15 7 7 11 14 17 19 8 18 2 6 13 4 16 12 18 12 14 14 14 3 13 15 19 15 18 5 16 17 18 16 6 17 6 18 17 15 11 12 13 0 16 3 9 15 13 11 2 13 12 4 2 15 18 10 19 18 5 14 19 19 7 9 6 8 1 1 18 6 17
18 1 1 13 11 0 1 13 4 3 3 10 2 9 3 0 6 1 15 13 14 17 12 3 10 2 18 0 17 9 18 0 2 8 12 7 17 12 7 11 2 5 0 8 18 6 4 10 3 7 17 7 5 4 11 6 10 0 9 7 17 2 19 3 7 3 5 19 14 16 19 8 3 13 18 14 9 13 11 17 18 8 6 11 18 3 6 3 18 4 0 17 14 5 13 0 2 9 0 16
17 0 19 0 19 14 16 11 2 3 6 17 15 13 17 0 10 11 16 4 1 8 2 8 4 7 12 17 10 2 17 4 7 9 13 7 19 0 1 0 10 11 7 18 17 1 10 0 0 11 2 11 0 14 17 18 14 11 4 4 0 10 0 17 8 10 7 9 7 15 19 13 4 17 17 11 5 12 5 13 1 15 6 13 18 5 0 16 17 10 1 18 12 2 17 0 11 11 11 5
18 4 17 2 10 2 3 2 10 10 11 8 12 19 1 10 12 6 7 9 4 7 8 2 13 5 8 1 13 8 3 16 1 19 15 19 4 1 15 1 1 8 6 9 6 12 7 13 18 8 18 7 16 18 19 7 0 12 5 12 5 14 18 10 11 18 5 15 11 10 4 1 2 9 11 16 6 5 17 16 19 15 9 12 12 19 19 0 0 5 16 5 16 9 4 11 9 11 15 3
15 2 14 6 4 13 10 0 5 14 13 5 16 19 0 18 9 3 9 3 6 14 6 11 1 11 1 7 3 1 5 0 19 15 5 15 7 13 16 2 7 16 4 17 4 1 7 7 19 5 7 10 13 19 13 3 9 14 9 9 12 4 15 3 16 0 17 10 8 8 15 18 19 18 11 4 12 4 11 3 13 13 15 5 18 10 3 1 3 17 4 11 16 9 6 11 17 2 2 9
3 18 17 4 14 8 1 14 19 17 18 12 11 4 3 10 17 13 10 1 8 9 18 11 8 15 4 7 3 3 12 9 15 12 8 12 7 19 5 14 6 10 5 16 19 13 9 8 5 0 16 15 0 0 7 6 0 11 2 2 2 18 15 2 9 1 10 6 11 10 13 18 12 5 1 1 18 16 16 18 2 17 4 14 18 8 19 3 3 7 9 5 5 3 16 8 13 1 6 17
9 13 12 0 2 10 4 9 11 9 4 17 17 2 9 15 3 9 15 12 2 17 11 8 16 19 5 14 14 13 16 2 10 1 2 9 4 11 8 9 11 5 8 13 10 18 9 10 10 13 13 7 1 13 10 7 5 9 7 6 8 12 11 13 18 0 14 17 13 2 7 12 9 8 14 6 8 10 3 3 4 14 15 10 3 9 5 10 5 5 11 2 0 6 1 6 8 5 2 11
2 14 11 8 19 12 1 11 4 17 11 10 16 8 15 19 8 15 11 0 3 8 11 11 14 7 13 1 1 1 1 1 6 8 3 19 13 11 13 9 2 15 1 15 15 5 11 18 17 2 2 2 0 9 9 8 9 0 19 1 0 10 4 17 6 11 14 6 17 4 15 1 17 0 13 13 17 7 17 5 18 3 5 8 3 0 7 15 2 0 15 3 18 7 13 0 6 7 10 13
0 7 5 5 1 5 7 1 5 18 3 14 14 5 16 10 2 10 15 2 0 0 1 11 14 4 13 18 5 1 6 16 16 9 0 9 12 5 11 3 19 4 0 7 18 4 7 16 17 6 8 3 16 11 6 13 9 6 8 6 3 0 18 14 17 1 0 7 3 5 2 15 9 19 16 10 9 8 14 5 9 12 14 12 6 5 12 13 11 8 19 14 9 8 10 5 19 16 18 5
16 4 10 16 0 2 6 0 12 18 5 14 6 5 17 17 1 6 0 10 7 11 8 0 11 17 18 7 5 8 16 17 11 14 16 0 15 14 4 12 15 13 0 12 7 8 17 8 5 3 19 18 13 5 4 1 4 4 6 5 7 11 7 13 8 19 5 5 12 18 9 4 17 14 7 4 1 5 14 4 19 7 7 7 6 16 4 17 17 8 19 3 6 5 0 6 14 0 15 0
15 18 17 10 2 16 10 13 3 8 12 12 3 18 18 2 2 4 15 16 13 13 19 4 18 4 2 15 5 16 0 9 1 10 17 7 15 11 14 6 18 14 11 5 4 5 18 14 12 7 16 1 17 4 15 2 6 18 12 14 10 19 10 3 10 19 11 15 8 11 1 2 10 2 11 19 15 19 9 17 13 11 1 18 13 8 8 3 15 14 0 13 1 17 19 12 17 16 0 6
4 17 8 10 2 4 4 5 0 8 2 5 13 11 13 17 12 6 12 0 8 9 1 9 17 7 14 10 2 2 8 3 12 16 16 14 10 17 11 13 18 5 12 11 15 16 16 11 2 0 5 1 6 6 7 2 19 5 11 18 19 15 4 12 12 12 4 10 12 4 10 17 1 4 13 19 19 9 6 0 1 0 5 6 12 17 2 16 10 1 17 8 1 13 2 3 6 10 11 10
1 10 15 2 18 0 4 5 14 6 2 11 2 13 2 18 15 11 18 2 11 13 14 4 15 8 12 1 9 17 3 5 16 5 16 16 9 6 1 1 8 19 15 2 8 0 7 7 15 14 7 18 5 16 5 1 11 2 12 18 7 13 15 16 14 15 19 15 17 12 16 14 0 5 14 11 0 0 12 3 19 5 5 6 17 7 10 17 13 1 8 13 13 6 18 15 6 11 18 15
7 1 17 10 15 15 0 11 13 17 4 19 16 1 12 11 3 4 18 2 2 9 10 4 2 9 6 14 6 14 15 15 18 18 12 3 8 14 1 2 5 4 5 18 13 16 0 9 14 18 11 9 6 4 4 13 7 13 6 5 2 7 5 0 19 9 2 9 4 12 1 19 8 0 6 10 3 17 18 3 11 18 10 6 4 4 17 9 11 19 18 19 11 18 0 10 2 16 5 6
7 12 17 4 0 5 3 9 13 4 16 19 9 10 11 16 17 16 9 12 11 14 14 1 13 8 3 1 10 3 18 9 0 15 19 11 6 7 12 9 4 14 7 15 13 9 19 12 8 13 16 6 10 2 11 4 3 8 16 5 15 13 2 5 3 11 16 1 16 19 10 12 12 6 0 4 18 15 4 15 18 6 2 18 5 19 11 17 14 6 18 5 11 18 15 11 18 19 13 2
6 12 3 10 8 4 5 14 17 5 4 7 19 11 7 1 8 14 3 11 5 18 2 6 15 6 3 15 6 11 9 14 0 18 4 9 0 9 16 12 10 10 9 1 6 0 19 8 10 6 3 5 9 17 10 4 18 5 4 17 14 15 3 4 13 2 5 3 1 12 16 4 12 10 1 0 3 14 2 1 12 11 8 14 14 18 19 19 17 0 12 12 0 0 1 18 17 3 19 6
11 13 12 8 19 14 6 18 3 8 5 0 5 6 0 3 19 6 1 3 3 15 18 10 12 6 2 18 13 1 0 4 14 5 10 13 17 1 18 9 6 10 14 3 10 10 1 8 12 11 0 16 18 16 13 1 7 7 2 9 17 9 18 10 0 2 1 15 7 3 4 14 15 13 10 16 2 15 1 13 11 7 13 5 18 5 7 10 8 1 17 10 16 6 8 19 4 11 13 2
4 4 12 1 7 4 10 8 10 10 10 6 17 18 14 15 12 9 3 0 1 7 7 15 19 16 9 1 12 1 10 13 18 1 14 2 2 15 12 19 10 6 11 10 9 2 1 6 0 9 1 1 7 18 8 10 5 8 15 18 8 18 16 10 1 5 10 12 19 15 6 5 9 11 7 10 8 1 4 10 5 16 9 12 0 9 16 13 3 1 9 7 14 13 15 7 2 9 4 8
10 11 14 10 0 6 0 18 9 11 13 6 0 2 3 12 12 8 19 2 8 7 3 8 15 11 15 9 9 8 12 7 8 3 10 9 6 18 1 6 14 2 3 0 4 3 11 2 3 7 5 9 5 3 4 13 1 18 12 12 1 14 18 19 13 16 9 7 12 3 14 14 3 0 14 2 2 16 2 6 0 19 6 8 2 15 18 13 12 8 11 7 14 3 10 4 12 9 7 8
17 9 7 17 17 4 5 17 6 12 18 11 15 3 3 14 10 18 0 14 0 13 18 4 18 4 1 8 6 18 11 8 6 17 4 4 4 11 14 17 19 12 0 3 5 15 2 6 2 1 3 14 12 19 19 5 2 12 17 9 6 8 3 15 14 6 17 4 3 16 8 5 5 14 17 0 6 0 17 9 1 14 5 2 4 16 16 19 5 7 16 12 17 17 14 1 2 17 14 14
11 3 7 15 6 16 19 7 5 13 14 7 16 4 7 18 5 8 19 2 17 2 16 5 18 8 16 17 10 4 0 5 3 12 15 1 19 10 0 16 15 10 15 16 10 7 5 5 11 5 14 1 14 4 19 16 18 2 6 16 13 2 17 12 8 4 12 16 15 10 10 19 19 4 6 7 0 16 16 9 17 9 19 2 13 9 19 13 5 9 2 18 16 12 10 18 18 14 19 0
4 14 19 19 14 18 13 17 5 10 18 16 16 0 17 11 18 10 6 15 6 0 13 7 6 12 16 0 16 15 6 13 18 13 13 2 19 8 15 11 10 9 1 7 19 0 19 9 16 10 19 0 18 15 7 14 8 1 5 2 14 13 6 10 10 8 10 18 15 3 12 15 7 6 19 2 3 7 11 12 8 17 1 6 8 11 5 17 13 3 3 0 18 14 16 1 3 6 1 12
14 13 16 1 15 8 2 1 7 8 16 8 9 8 14 14 1 7 9 14 14 11 17 6 13 10 18 8 3 15 18 12 3 9 15 11 3 15 16 3 0 16 2 17 8 9 17 11 16 3 1 10 15 7 14 11 2 11 18 8 19 16 13 9 2 12 1 15 10 8 7 14 2 14 17 6 9 3 14 11 2 4 11 1 3 18 12 16 14 7 6 8 9 3 2 9 9 16 6 6
13 14 14 0 12 2 13 8 7 19 13 0 19 17 1 18 10 1 18 13 16 6 0 14 1 15 1 18 18 4 18 5 0 17 5 6 7 16 3 7 6 7 14 11 14 10 14 19 2 10 8 6 6 18 7 16 11 9 18 9 17 12 5 5 6 2 4 3 14 5 5 7 11 2 2 4 12 8 13 18 0 16 10 3 16 17 6 0 13 19 5 14 19 17 3 17 15 7 19 13
6 0 0 7 2 8 3 11 0 14 8 8 19 0 8 7 7 2 11 4 2 12 11 13 15 2 17 15 0 3 18 18 2 13 0 17 10 18 18 12 6 8 6 17 5 9 2 15 11 14 9 12 0 4 10 5 14 4 17 5 17 15 13 4 3 13 6 19 16 11 7 10 8 10 7 0 2 19 8 16 19 4 8 10 0 16 3 19 12 17 5 5 5 9 4 1 1 15 16 2
7 4 15 6 12 13 11 3 7 2 18 3 4 16 12 0 1 3 11 19 4 11 11 4 9 16 19 13 19 15 12 10 4 3 4 4 2 4 2 4 8 19 4 3 9 2 17 16 15 1 8 13 7 2 9 1 12 16 18 6 9 6 17 3 15 10 0 4 3 4 4 8 12 9 11 19 15 3 3 4 4 11 16 1 0 12 5 6 11 6 14 2 8 19 14 12 11 8 2 14
11 4 1 11 8 0 1 14 18 10 10 17 2 4 10 11 12 3 5 17 18 1 1 7 8 18 9 14 5 14 17 1 5 8 6 5 7 5 15 13 1 4 19 10 9 12 9 18 10 14 8 7 4 17 13 15 4 4 1 5 4 15 7 2 18 4 1 14 14 15 18 12 16 11 4 9 10 0 11 15 19 2 14 16 1 3 4 11 17 16 18 5 17 3 11 13 9 5 11 17
4 2 1 7 4 5 18 0 13 3 7 18 7 10 3 12 11 10 8 10 19 10 12 2 15 15 17 14 11 2 9 11 10 15 3 10 1 14 18 8 9 17 9 19 5 10 7 19 11 10 0 10 9 10 11 12 19 18 17 13 11 11 17 16 12 17 2 0 18 12 14 1 14 6 17 6 18 6 14 16 12 4 11 13 7 9 3 18 8 0 19 2 6 13 9 12 9 12 9 2
