100
0 3 13 12 8 16 6 16 3 8 12 6 14 1 3 18 15 14 7 6 15 11 0 16 13 3 6 14 9 6 5 3 2 11 5 16 3 6 14 17 11 18 6 13 6 17 7 3 1 5 2 11 14 7 16 12 18 16 13 8 8 15 18 17 18 14 7 0 8 1 4 7 11 17 7 7 16 7 7 8 2 10 19 9 17 3 15 14 8 3 2 11 4 4 11 14 17 12 5 17
10 5 5 14 12 13 11 2 4 4 19 7 18 12 2 2 0 3 15 13 18 16 19 9 9 15 1 18 16 2 14 17 12 12 19 6 14 12 19 12 18 15 0 14 16 1 2 11 6 17 2 12 18 6 11 0 9 8 2 5 0 0 7 17 17 17 9 12 9 4 2 12 1 1 5 8 17 13 11 1 1 2 11 1 2 2 11 10 7 9 0 3 8 1 18 6 2 6 4 2
5 1 4 17 18 17 6 4 2 17 17 6 15 17 19 15 19 7 2 6 2 19 3 1 19 10 2 18 19 8 2 13 2 8 18 9 14 0 0 16 1 17 13 4 9 8 17 2 17 6 0 12 15 17 10 1 16 11 7 15 16 18 6 10 19 13 19 7 19 14 2 3 2 0 10 9 14 3 9 14 16 18 6 0 14 4 13 12 16 3 2 0 9 12 0 15 1 7 3 15
1 14 12 9 11 19 12 7 0 15 4 3 11 0 3 5 19 19 12 11 7 10 9 4 1 16 5 10 8 6 14 1 14 12 2 6 14 9 15 13 1 12 8 1 4 7 15 13 1 0 4 12 9 1 7 1 9 4 0 1 0 12 17 5 4 2 9 2 9 3 12 6 2 13 16 16 13 4 18 8 5 3 19 1 2 8 13 2 1 16 9 2 8 18 7 11 13 5 0 17
10 12 11 4 11 2 13 4 7 7 17 0 0 13 16 17 1 18 9 7 13 17 1 15 18 15 5 11 11 12 8 16 17 5 2 10 4 13 17 1 18 15 3 2 19 18 0 11 3 0 2 12 13 18 2 14 0 1 5 9 11 13 15 13 16 14 11 16 0 11 19 11 13 5 5 14 9 9 1 5 12 9 13 13 16 17 15 14 7 16 18 9 0 4 7 17 6 6 9 14
17 3 11 3 14 12 9 12 17 11 2 10 4 10 9 6 3 15 17 3 3 9 17 4 4 14 8 17 6 2 9 12 9 11 2 11 3 1 1 5 18 15 0 2 15 10 6 3 11 18 14 9 19 4 8 8 13 11 4 3 1 13 1 6 9 7 19 17 9 7 1 15 1 14 14 17 0 2 16 12 5 6 9 4 13 12 10 7 8 18 13 5 3 12 11 17 13 16 14 11
8 3 11 16 14 8 16 3 17 2 4 5 0 15 3 8 15 6 7 19 5 12 7 1 11 18 15 11 0 14 4 19 3 13 1 6 1 4 6 0 0 17 1 7 11 19 3 5 2 9 8 2 4 16 8 1 3 0 15 5 12 16 16 0 16 16 15 19 14 2 17 16 2 12 11 12 17 1 9 11 18 6 16 18 8 15 18 8 9 6 2 8 15 15 10 5 1 4 3 18
0 19 16 8 3 14 15 17 11 19 1 3 7 8 19 17 3 8 8 6 10 15 13 10 18 6 19 8 15 14 3 18 17 3 16 18 6 16 8 3 9 2 16 19 4 8 9 6 11 8 11 14 6 11 6 13 5 10 1 0 10 18 10 17 3 9 3 19 16 13 14 5 3 13 1 16 6 18 11 17 5 15 6 6 9 19 11 7 4 10 3 9 2 11 13 14 19 2 15 4
6 6 10 18 5 0 4 11 2 13 9 10 13 8 1 5 19 7 15 2 6 3 6 11 10 2 7 17 4 14 4 7 10 7 11 4 14 17 2 10 2 17 17 9 6 4 8 3 15 6 15 9 5 9 8 6 12 15 4 10 0 7 12 10 8 15 9 18 11 2 10 15 6 4 5 18 2 2 4 12 2 17 9 0 7 19 4 2 18 5 4 5 13 8 9 4 18 11 1 15
8 11 4 5 0 11 4 5 3 19 0 1 0 16 0 2 17 18 7 3 17 4 8 18 16 3 3 4 15 14 10 5 9 1 9 11 2 17 10 18 18 18 1 16 13 10 5 17 6 13 15 13 9 10 19 1 1 5 16 4 14 1 16 3 2 19 8 3 9 16 12 17 3 16 6 14 13 7 11 8 8 1 6 5 13 0 2 11 8 1 6 11 16 7 11 5 14 11 17 0
9 8 17 2 2 4 15 11 19 12 18 19 13 5 12 13 15 8 12 18 17 12 16 1 13 13 12 11 14 18 8 14 10 10 14 18 2 8 8 16 13 17 14 14 6 18 19 11 17 2 13 7 11 1 3 18 4 18 14 6 7 6 14 1 12 14 1 15 0 17 18 11 9 13 0 14 11 4 17 5 8 6 5 3 3 17 6 10 11 19 2 12 6 7 10 5 10 11 12 15
4 13 4 6 16 13 11 13 8 14 18 64 69 83 86 16 13 3 13 1 8 0 14 10 6 13 5 2 18 18 19 0 2 16 14 15 17 17 8 4 5 0 16 9 1 9 16 4 17 8 4 15 12 0 0 8 10 2 10 12 2 10 4 12 10 13 9 16 18 11 13 7 13 12 9 7 18 5 6 5 7 12 0 8 19 12 8 15 1 5 9 15 11 0 5 9 0 5 19 12
1 14 16 11 18 7 9 6 8 15 15 51 1 12 89 8 1 7 8 13 4 0 18 3 16 11 14 9 15 16 19 11 15 1899 1901 1906 1914 1929 18 1 3 2 0 19 11 15 4 4 18 2 18 16 7 16 18 17 11 4 1 19 8 5 6 16 0 2 6 18 18 5 10 6 19 3 5 15 6 18 9 6 5 8 6 18 2 16 0 15 10 19 4 7 15 4 14 17 8 7 1 18
13 18 0 8 16 17 4 8 3 16 18 40 34 25 91 17 5 0 12 11 10 7 10 1 0 10 10 17 19 4 14 13 5 1887 1371 1378 1385 1386 1397 1412 1425 1432 1447 1457 1471 1482 1496 1500 3 10 11 3 7 4 4 9 7 15 15 12 12 8 19 17 12 11 0 15 12 14 13 6 15 15 9 19 4 9 0 6 13 12 8 13 9 12 5 7 11 2 8 14 4 12 6 5 19 10 13 8
19 17 19 6 9 13 15 14 6 17 4 5 19 6 96 19 12 5 13 3 9 12 13 16 3 7 10 5 14 17 4 19 15 1876 1359 973 980 983 984 995 1000 1003 1012 1015 1027 1033 1046 1515 19 19 4 5 5 4 14 4 13 2 4 16 13 10 6 14 4 0 8 1 19 3 16 5 0 5 13 15 3 4 17 4 15 19 7 1 15 11 16 19 6 1 19 16 3 14 18 2 1 12 11 19
15 17 19 0 19 13 10 14 4 17 11 14 12 0 13 15 7 9 2 13 5 19 3 17 2 0 4 7 4 1 2 19 8 1865 1347 967 668 679 683 697 702 715 721 726 727 728 1059 1520 16 5 4 11 4 16 0 5 8 10 9 10 3 12 12 6 8 19 10 9 10 10 19 12 15 10 2 12 1 4 15 14 8 19 15 19 5 6 11 5 18 16 4 5 11 0 5 18 1 12 9 14
13 4 11 3 19 16 19 1 8 10 15 19 13 13 18 3 1 19 11 17 4 19 9 2 12 14 2 13 16 15 2 6 12 1855 1334 965 665 406 413 422 432 440 449 456 469 738 1068 1526 19 7 5 1 9 15 1 3 10 2 2 13 17 17 10 13 9 3 0 10 17 13 9 7 5 15 5 10 8 15 9 15 1 15 15 2 19 7 7 14 4 11 17 8 3 6 3 8 17 12 0 5
5 17 9 11 3 10 7 16 11 11 9 16 5 6 15 18 0 8 7 10 3 5 4 16 16 9 16 13 19 0 10 1 13 1849 1333 950 660 396 228 229 231 246 250 252 472 745 1073 1537 1 5 6 7 4 10 14 7 10 14 17 9 5 8 17 8 13 18 16 11 1 4 13 16 13 9 18 10 10 16 15 19 14 7 7 9 12 7 15 16 6 15 19 17 1 3 1 16 1 11 15 2
2 16 5 9 17 1 14 8 15 18 19 0 19 5 2 7 18 3 15 11 16 18 13 19 8 14 11 16 1 0 4 6 19 1835 1329 936 655 392 221 94 95 101 110 256 475 749 1079 1552 1 4 19 12 4 7 15 8 14 17 14 19 12 15 12 8 17 8 14 8 7 6 9 9 5 17 15 1 16 4 11 17 8 14 10 3 13 3 14 13 7 7 18 15 7 13 6 18 8 8 16 15
12 2 15 4 6 2 7 6 12 0 17 15 0 14 9 4 5 9 17 13 7 16 4 3 6 5 6 14 11 14 9 5 19 1826 1322 930 640 383 210 82 15 26 123 271 487 758 1086 1554 6 7 0 15 1 14 10 7 1 17 13 15 8 9 18 12 9 3 11 16 1 14 3 16 3 18 4 6 3 3 0 16 1 14 16 13 15 6 11 3 4 1 10 1 5 10 10 1 11 18 6 4
19 14 11 13 15 0 14 7 6 7 0 19 17 12 4 14 3 11 16 15 18 18 17 7 3 0 5 8 16 5 17 11 3 1821 1321 927 628 373 209 74 4 37 128 276 496 773 1099 1563 17 15 15 19 16 0 2 11 14 16 15 14 19 6 9 18 18 4 10 11 2 5 7 5 13 17 19 16 8 8 12 17 11 10 11 15 11 10 10 4 13 14 9 13 15 2 8 15 17 10 2 8
13 5 7 10 2 11 9 13 7 10 9 11 4 13 17 7 16 9 4 14 14 1 6 10 17 16 4 4 5 16 19 9 7 1816 1317 914 622 363 200 71 59 49 131 279 507 779 1101 1577 6 0 5 5 7 14 14 18 17 16 13 15 13 9 10 2 18 5 10 2 3 14 8 2 9 2 8 16 13 2 19 16 4 12 12 17 13 12 2 16 15 12 17 10 12 2 5 4 12 19 4 9
18 16 8 6 8 15 2 7 14 7 5 4 13 17 1 11 12 4 13 15 18 2 6 0 17 11 6 1 11 8 6 10 19 1808 1314 908 611 352 192 179 172 158 146 287 515 785 1113 1579 12 9 19 9 8 2 3 17 1 15 1 7 1 3 9 4 4 17 11 4 1 10 6 7 8 14 7 9 7 11 2 16 4 0 5 9 19 9 1 8 8 6 16 8 7 9 19 7 10 12 17 9
14 19 13 3 6 18 1 18 4 6 6 9 17 17 13 11 12 7 15 15 2 6 13 14 12 13 7 11 8 8 19 13 17 1798 1303 900 603 337 332 330 329 316 302 295 518 800 1125 1586 18 11 9 13 6 12 8 4 6 1 14 8 12 2 15 7 18 6 15 5 9 17 15 7 9 0 13 1 10 19 9 12 15 5 11 6 14 15 7 17 3 17 3 2 16 10 16 19 8 19 7 7
19 5 4 4 1 7 4 0 10 12 0 0 6 11 10 18 8 0 0 19 0 15 2 9 5 3 15 17 16 14 3 11 15 1789 1297 892 593 585 577 568 556 550 539 535 528 810 1134 1594 5 6 18 13 1 4 3 5 3 9 18 13 7 8 7 3 7 17 11 13 17 9 17 15 0 7 8 7 0 1 13 16 13 7 10 15 18 11 15 18 6 9 4 7 6 5 0 14 5 11 12 10
5 14 7 17 10 13 8 13 16 6 9 13 0 7 11 13 14 1 1 9 6 19 1 12 8 8 9 3 6 4 7 7 16 1781 1283 878 876 861 858 854 846 842 827 825 824 813 1140 1607 19 17 1 16 2 14 10 10 4 14 18 8 6 13 14 12 7 19 14 6 17 9 12 3 17 7 1 1 9 3 12 5 19 9 4 8 15 7 2 10 13 2 3 12 1 6 8 14 19 14 14 16
10 8 6 16 14 0 6 11 8 14 13 3 3 9 17 6 9 17 10 9 0 13 13 19 14 10 6 19 5 18 6 11 15 1769 1268 1253 1244 1230 1218 1210 1207 1201 1197 1188 1174 1160 1154 1617 12 13 16 17 17 11 19 9 6 5 2 16 0 18 11 3 14 14 18 15 14 13 16 2 3 16 3 8 10 4 2 16 8 3 6 12 4 19 6 10 1 9 3 13 19 19 7 4 5 13 14 9
1 5 6 1 19 14 7 6 10 18 14 17 16 10 7 1 9 1 12 15 7 3 17 19 1 13 13 10 14714 14718 14725 14737 14738 14750 14753 14764 14765 14769 14783 14788 14790 14795 14797 14801 14811 14817 14827 14838 14849 14861 14876 14887 14897 14909 14920 14933 14941 14955 14967 14970 14973 14979 14987 14992 15004 15017 15032 15047 15061 15068 15074 15088 12 8 13 1 8 5 16 16 16 2 19 12 4 7 6 10 1 13 4 18 11 1 16 6 12 5 8 7
10 13 5 13 3 0 8 13 3 17 3 15 6 0 19 6 10 5 12 3 7 1 13 15 1 6 10 4 14707 13324 13332 13338 13339 13352 13367 13377 13392 13407 13416 13424 13430 13432 13446 13452 13458 13464 13470 13480 13485 13499 13502 13517 13519 13523 13538 13550 13564 13577 13579 13589 13595 13609 13611 13623 13629 13635 13649 13652 13655 13663 13670 15097 7 1 12 15 11 4 15 18 7 2 5 19 14 17 6 5 4 18 8 8 3 13 2 11 11 8 11 5
15 3 6 3 0 5 9 16 19 14 8 4 6 6 19 16 7 13 10 18 1 12 16 13 19 19 2 9 14692 13319 12030 12045 12053 12061 12065 12075 12088 12096 12101 12111 12124 12139 12143 12150 12153 12158 12163 12167 12175 12179 12193 12204 12215 12217 12228 12241 12250 12256 12261 12272 12276 12286 12287 12295 12310 12312 12323 12331 12343 12353 13680 15108 11 10 10 2 4 17 7 0 1 13 9 10 13 5 9 10 19 19 14 4 9 7 5 6 16 15 2 11
1 12 0 15 16 16 3 2 11 0 6 6 18 11 0 10 12 4 3 1 4 5 3 2 8 9 7 1 14682 13313 12026 10760 10775 10780 10782 10794 10802 10807 10822 10833 10848 10850 10853 10858 10865 10874 10883 10885 10895 10907 10909 10911 10920 10931 10943 10958 10962 10970 10980 10982 10994 11008 11014 11015 11028 11036 11048 11053 11066 12356 13695 15109 6 8 2 14 14 2 17 5 13 15 0 1 15 12 9 4 4 15 18 7 9 4 10 8 2 5 1 9
2 8 18 12 14 18 12 16 15 14 6 0 10 2 12 19 13 10 11 15 16 11 16 2 10 10 16 14 14675 13306 12023 10745 9597 9608 9611 9622 9636 9643 9654 9656 9662 9664 9668 9670 9676 9688 9697 9712 9725 9733 9740 9751 9764 9777 9791 9797 9808 9820 9822 9836 9842 9845 9846 9854 9867 9881 9883 9886 11068 12371 13710 15113 10 4 1 13 0 18 9 16 7 5 19 8 17 14 12 17 3 10 7 2 13 0 16 13 4 3 16 9
6 3 14 11 14 2 14 19 0 6 11 3 7 2 14 8 1 9 5 0 3 6 16 12 11 4 19 11 14660 13302 12010 10743 9587 8558 8567 8581 8592 8595 8606 8621 8623 8624 8637 8645 8653 8662 8663 8671 8678 8688 8698 8699 8714 8716 8722 8733 8747 8754 8756 8769 8775 8781 8783 8796 8805 8806 8817 9900 11074 12386 13713 15116 15 4 12 17 4 12 12 11 3 1 5 3 4 14 12 11 12 0 17 16 2 10 8 18 7 13 8 18
3 3 14 12 9 17 16 19 17 9 0 1 0 3 14 7 16 2 12 15 0 1 5 4 13 9 8 12 14659 13290 12000 10741 9577 8553 7567 7570 7583 7590 7602 7613 7618 7619 7620 7626 7629 7632 7636 7651 7654 7665 7667 7679 7683 7698 7703 7715 7725 7736 7751 7752 7761 7773 7775 7788 7795 7802 8820 9903 11082 12391 13724 15124 9 15 0 5 18 9 5 14 3 14 3 0 10 11 8 18 9 11 15 6 10 19 6 6 15 14 11 2
14 13 10 16 0 0 12 8 12 9 11 10 2 8 10 4 8 13 2 12 14 18 4 6 13 0 1 9 14656 13279 11986 10732 9566 8550 7554 6637 6646 6650 6653 6663 6677 6687 6700 6713 6720 6729 6730 6735 6745 6751 6762 6767 6775 6781 6788 6791 6806 6821 6822 6828 6843 6849 6857 6871 6872 7814 8826 9909 11095 12393 13734 15137 7 17 18 9 12 11 18 0 16 16 0 18 16 12 17 18 17 9 16 11 13 13 17 14 17 11 7 12
6 9 11 16 13 16 8 5 7 3 4 3 12 7 8 10 2 18 11 11 6 13 11 10 19 0 5 15 14653 13270 11974 10722 9558 8540 7544 6629 5755 5765 5772 5782 5786 5790 5795 5801 5807 5809 5824 5825 5835 5840 5849 5859 5865 5874 5889 5902 5910 5914 5921 5935 5946 5952 5966 5977 6885 7827 8832 9921 11101 12398 13744 15138 4 14 3 5 0 7 3 1 11 3 9 17 19 19 9 16 9 1 0 0 0 0 13 15 9 10 6 3
3 6 4 5 2 8 15 1102 1093 1085 1082 1079 1068 1066 1064 1060 1048 1036 4 3 11 10 19 12 7 16 2 2 14638 13269 11964 10714 9556 8529 7530 6625 5745 4876 4883 4891 4898 4913 4925 4933 4948 4958 4972 4980 4984 4999 5009 5013 5018 5028 5034 5043 5049 5057 5063 5077 5084 5091 5098 5991 6886 7842 8840 9933 11108 12399 13746 15144 1 13 3 2 11 10 17 12 1 5 19 13 16 6 15 15 7 14 9 9 9 1 15 14 15 16 8 10
19 13 7 5 2 4 19 787 773 759 747 737 734 723 715 701 694 1030 13 2 0 3 4 13 5 3 2 11 14628 13255 11963 10711 9546 8521 7526 6621 5730 4868 4110 4120 4127 4142 4144 4149 4161 4167 4180 4194 4208 4216 4226 4240 4250 4260 4274 4275 4277 4287 4293 4308 4313 4316 5110 5992 6894 7847 8846 9944 11118 12412 13753 15154 15 12 11 3 5 19 0 7 5 9 3 11 8 19 7 5 16 12 10 12 4 7 9 3 19 19 12 0
8 16 2 13 13 5 1 789 485 474 467 460 458 455 448 435 681 1022 8 15 10 2 7 15 6 9 11 4 14627 13252 11958 10700 9545 8515 7518 6608 5729 4860 4104 3473 3488 3498 3501 3516 3519 3528 3539 3552 3562 3576 3578 3584 3590 3595 3604 3608 3612 3619 3627 3629 3636 4317 5117 5994 6900 7852 8850 9957 11119 12416 13754 15159 2 5 13 10 13 16 1 2 9 17 3 15 4 9 9 17 2 5 12 5 17 18 10 17 5 14 16 13
19 6 3 15 8 16 16 799 490 230 216 205 198 196 189 424 674 1010 10 14 9 7 3 6 14 18 1 2 14617 13245 11947 10695 9541 8507 7510 6595 5723 4845 4097 3464 2866 2870 2877 2892 2894 2900 2904 2905 2910 2912 2921 2932 2943 2956 2959 2961 2975 2978 2983 2989 3638 4320 5127 6003 6910 7866 8854 9968 11125 12428 13758 15174 10 5 10 9 10 14 4 0 13 18 10 15 10 0 8 15 14 15 0 19 6 6 7 13 1 5 16 5
3 17 0 5 13 13 9 812 496 234 84 79 72 62 182 416 667 996 11 16 13 16 11 7 16 17 13 2 14609 13240 11932 10682 9535 8501 7496 6585 5721 4839 4092 3453 2855 2340 2342 2348 2354 2356 2361 2368 2374 2375 2387 2391 2399 2404 2408 2410 2413 2416 2418 2994 3646 4321 5138 6012 6911 7878 8861 9976 11135 12433 13767 15177 5 9 3 16 5 6 11 8 7 15 12 10 4 12 19 15 18 16 9 14 7 8 11 12 7 6 13 17
0 4 11 18 8 5 18 827 507 244 94 8 4 59 171 403 653 990 9 10 2 16 4 6 3 19 0 3 14597 13227 11923 10674 9525 8496 7494 6583 5707 4831 4091 3444 2853 2333 1827 1839 1851 1854 1855 1857 1868 1873 1877 1881 1891 1902 1910 1923 1933 1940 2428 3005 3650 4324 5151 6027 6924 7885 8872 9982 11138 12436 13781 15191 14 9 18 12 5 13 19 6 17 15 11 0 5 4 16 11 14 2 18 14 16 7 17 6 18 4 5 17
5 2 5 6 18 1 2 831 515 259 104 23 0 51 163 393 643 980 1 16 12 5 15 14 11 9 13 14 14587 13219 11918 10664 9524 8494 7493 6580 5704 4825 4089 3431 2841 2331 1823 1372 1373 1382 1387 1397 1411 1425 1437 1445 1447 1450 1451 1455 1460 1945 2433 3013 3656 4325 5152 6032 6926 7886 8882 9991 11144 12446 13787 15197 13 4 14 18 13 18 16 7 3 10 13 13 5 14 3 8 3 16 17 11 2 14 13 0 10 6 14 13
5 19 5 13 9 16 4 842 524 271 110 24 34 37 160 378 637 968 9 1 6 13 1 4 11 3 14 11 14577 13214 11916 10662 9520 8489 7489 6572 5695 4820 4086 3426 2833 2320 1813 1358 997 1002 1003 1011 1016 1028 1029 1031 1041 1053 1066 1070 1475 1960 2444 3019 3662 4329 5165 6036 6932 7888 8889 10003 11157 12457 13789 15212 2 19 6 16 17 15 3 15 4 10 11 17 11 5 13 1 13 8 9 13 6 7 12 14 3 12 10 14
10 10 15 16 4 11 0 852 535 284 124 128 138 147 149 371 629 964 5 10 5 4 13 16 17 3 0 8 14575 13199 11901 10647 9514 8487 7481 6563 5682 4814 4074 3415 2829 2314 1798 1354 982 645 653 654 665 668 681 694 704 716 731 1074 1480 1961 2449 3021 3666 4342 5171 6044 6942 7894 8899 10006 11167 12461 13796 15217 18 17 16 7 11 1 6 9 1 7 17 7 5 16 18 16 13 3 5 6 7 3 11 6 5 11 6 6
15 10 10 14 8 8 11 862 540 299 301 315 330 333 345 360 616 950 17 6 3 11 10 6 17 10 10 12 14570 13186 11893 10642 9501 8474 7472 6551 5674 4805 4063 3411 2820 2304 1787 1351 970 634 370 378 386 396 410 411 425 436 742 1078 1483 1976 2458 3030 3679 4348 5172 6057 6943 7895 8909 10017 11173 12475 13811 15227 3 15 16 14 19 0 4 14 12 12 7 8 8 1 19 9 6 2 2 6 13 13 13 7 13 7 8 17
7 1 3 16 3 13 13 871 547 552 562 568 571 581 594 605 614 948 7 19 10 4 18 9 17 9 8 6 14568 13185 11884 10637 9497 8468 7458 6538 5665 4797 4053 3400 2817 2293 1773 1345 958 628 368 192 198 208 221 234 241 439 747 1091 1492 1987 2460 3037 3681 4351 5185 6072 6946 7901 8910 10030 11175 12477 13812 15228 8 5 12 9 1 10 14 2 2 17 11 14 6 0 12 17 14 11 11 2 9 8 15 6 17 0 13 7
4 9 3 3 16 17 7 877 879 884 889 901 904 913 924 929 944 946 9 18 3 17 10 0 0 10 16 9 14553 13177 11871 10636 9490 8461 7453 6535 5654 4796 4048 3399 2811 2284 1763 1334 953 616 358 185 74 85 93 97 256 453 757 1094 1501 1991 2474 3046 3682 4365 5191 6085 6957 7915 8911 10036 11187 12485 13818 15243 13 5 9 2 11 7 5 10 6 5 1 0 8 8 1 17 19 19 15 16 10 5 9 5 6 13 3 8
14 13 3 19 15 7 2 17 4 9 0 0 1 2 7 10 6 1 12 16 6 14 3 2 16 19 13 2 14549 13162 11862 10629 9477 8460 7446 6520 5639 4783 4039 3393 2799 2277 1754 1326 940 613 354 175 67 17 21 99 261 468 758 1098 1509 2006 2486 3055 3691 4369 5205 6094 6968 7929 8915 10040 11201 12500 13832 15245 8 14 5 4 3 5 8 3 0 2 11 9 8 18 11 11 7 16 19 9 1 0 14 8 1 17 6 0
17 12 9 9 11 6 18 1 19 2 12 14 10 10 14 3 2 15 3 5 0 15 0 0 2 11 18 8 14542 13149 11847 10615 9463 8446 7442 6506 5637 4776 4036 3380 2798 2274 1751 1318 925 609 346 167 63 5 35 112 263 480 765 1110 1519 2011 2493 3068 3706 4380 5214 6095 6982 7933 8925 10050 11209 12505 13844 15257 16 16 15 9 9 8 1 5 7 15 1 0 3 10 6 8 7 6 12 8 13 13 12 17 16 19 5 3
17 12 6 8 9 17 7 17 4 11 16 12 9 10 7 14 10 13 18 1 18 1 17 13 6 9 1 19 14532 13134 11844 10603 9462 8441 7440 6499 5636 4766 4027 3371 2797 2261 1740 1317 922 594 338 156 59 50 46 113 269 484 772 1124 1527 2016 2503 3081 3710 4390 5226 6097 6993 7948 8927 10060 11223 12512 13847 15270 0 2 14 18 4 5 3 3 2 13 7 2 14 11 1 19 3 18 15 19 18 18 5 14 7 13 19 14
12 18 1 12 18 19 18 17 1 5 8 11 16 1 17 5 11 1 11 13 0 4 8 9 2 14 17 15915 14521 13120 11829 10591 9449 8431 7438 6493 5634 4765 4015 3359 2786 2257 1732 1315 915 581 334 142 134 125 118 115 273 486 784 1134 1530 2022 2513 3084 3713 4400 5230 6100 6997 7952 8940 10071 11234 12525 13857 15285 12 12 2 11 13 14 19 2 1 19 16 18 6 6 13 5 6 11 7 19 3 0 18 18 10 7 10 6
15 0 11 6 0 10 2 11 9 15 14 15 7 9 11 1 7 3 10 3 10 4 9 16 15 6 0 15903 14520 13113 11823 10580 9447 8417 7425 6478 5625 4754 4006 3356 2772 2244 1721 1303 900 567 327 316 312 304 299 285 275 492 797 1140 1541 2026 2520 3086 3718 4414 5243 6113 7004 7956 8943 10073 11249 12528 13869 15295 3 18 15 5 13 10 19 12 14 3 15 8 13 13 5 17 12 13 3 13 2 11 6 16 12 9 12 12
14 19 1 0 17 0 1 8 16 8 11 13 16 10 4 18 12 8 19 2 17 16 11 8 1 9 13 15902 14505 13102 11808 10571 9441 8409 7415 6475 5619 4741 3997 3347 2764 2236 1708 1300 890 556 552 549 544 529 516 514 510 497 800 1152 1552 2030 2535 3098 3732 4429 5246 6117 7017 7966 8945 10085 11254 12543 13878 15302 4 8 8 10 16 11 17 4 18 3 8 17 3 0 2 2 1 6 13 2 7 14 1 7 1 18 13 7
5 18 14 12 5 18 17 0 2 9 18 18 5 16 13 1 7 8 0 4 10 0 13 18 14 6 9 15892 14496 13094 11807 10558 9429 8405 7401 6467 5612 4735 3994 3336 2750 2222 1696 1285 885 884 871 867 857 856 847 836 832 820 812 1159 1567 2045 2542 3110 3733 4435 5258 6124 7027 7974 8954 10093 11266 12548 13887 15314 3 12 19 12 1 19 0 3 18 1 6 14 1 0 10 15 15 3 6 2 11 1 17 11 4 14 0 14
11 19 2 2 6 12 4 2 11 6 8 14 9 9 18 2 3 10 7 0 14 10 6 2 2 1 9 15880 14485 13080 11804 10556 9425 8403 7396 6465 5606 4722 3986 3331 2742 2219 1681 1278 1271 1265 1255 1241 1229 1219 1211 1198 1190 1177 1163 1161 1575 2060 2548 3117 3745 4449 5261 6139 7029 7982 8967 10095 11272 12562 13889 15325 3 16 13 18 16 12 12 0 17 1 2 7 13 3 2 14 4 10 18 0 3 13 13 18 13 18 5 9
6 12 5 15 16 0 15 0 5 5 15 19 1 19 1 6 16 18 18 6 10 0 9 18 5 18 19 15866 14478 13078 11792 10546 9420 8388 7381 6459 5601 4721 3976 3330 2741 2218 1673 1670 1662 1651 1644 1641 1633 1621 1612 1609 1604 1595 1586 1583 1579 2071 2549 3122 3747 4454 5269 6151 7033 7997 8974 10101 11281 12565 13896 15337 6 1 17 13 2 1 10 4 0 17 19 10 10 0 17 16 16 1 11 13 15 13 16 18 12 15 3 13
3 8 16 12 1 15 5 18 11 6 1 19 16 1 11 18 0 7 6 4 9 7 7 0 2 13 0 15860 14470 13063 11777 10540 9415 8385 7376 6451 5591 4714 3971 3315 2728 2210 2202 2198 2194 2181 2174 2164 2160 2148 2135 2128 2123 2110 2097 2093 2087 2077 2550 3126 3752 4460 5275 6155 7037 8003 8987 10112 11292 12575 13910 15342 10 4 11 11 12 2 3 7 19 11 7 0 5 12 3 7 13 7 1 12 4 10 12 19 17 9 1 13
0 3 5 0 9 1 7 12 8 1 7 3 16 8 8 8 13 2 1 12 6 11 14 1 10 7 13 15858 14463 13049 11762 10535 9413 8375 7361 6446 5577 4708 3960 3301 2713 2709 2699 2684 2671 2664 2661 2647 2635 2620 2615 2612 2597 2593 2587 2585 2582 2575 2562 3128 3754 4468 5281 6159 7041 8011 9000 10123 11306 12590 13924 15347 9 7 19 4 2 3 7 7 14 4 8 19 0 13 2 17 8 10 1 17 1 6 15 12 15 1 6 0
3 3 9 9 2 13 19 17 3 17 18 6 11 12 13 14 10 3 12 3 16 13 2 17 1 0 1 15848 14450 13046 11758 10532 9410 8368 7355 6438 5572 4700 3956 3293 3287 3285 3276 3267 3260 3255 3240 3228 3214 3210 3196 3183 3181 3179 3173 3167 3154 3149 3145 3140 3764 4480 5282 6161 7056 8014 9011 10125 11310 12591 13930 15361 12 16 12 3 13 7 8 2 11 17 13 13 18 17 2 12 3 5 14 9 13 17 18 3 6 16 9 17
9 5 3 19 12 0 2 9 1 15 2 7 3 3 8 17 10 7 11 16 10 13 19 16 0 14 19 15846 14439 13033 11749 10527 9402 8359 7348 6427 5565 4689 3952 3943 3940 3926 3915 3903 3889 3876 3874 3863 3862 3849 3837 3828 3820 3814 3803 3798 3794 3780 3773 3770 3767 4488 5291 6173 7065 8021 9025 10126 11320 12603 13940 15364 16 16 17 7 19 8 2 1 2 1 14 8 16 13 18 19 18 19 19 4 1 8 13 12 2 13 6 18
3 0 6 14 11 16 18 19 8 6 10 2 10 9 8 16 10 18 17 14 12 17 14 16 6 11 8 15841 14426 13032 11740 10519 9396 8353 7341 6412 5550 4677 4663 4659 4647 4632 4624 4610 4601 4591 4582 4575 4574 4563 4559 4556 4547 4546 4542 4528 4526 4518 4505 4498 4495 4494 5301 6176 7073 8036 9028 10133 11321 12612 13952 15369 11 6 7 17 2 5 19 8 19 2 19 7 14 3 2 16 13 11 15 4 16 1 6 17 5 16 19 12
15 4 7 13 9 0 0 19 19 8 4 0 13 1 13 1 19 2 11 6 3 2 15 8 8 15 19 15833 14421 13026 11733 10515 9395 8338 7329 6402 5542 5531 5521 5518 5505 5490 5488 5485 5471 5459 5445 5443 5430 5418 5410 5400 5394 5389 5377 5362 5357 5350 5343 5336 5323 5313 5306 6183 7083 8041 9033 10138 11328 12620 13963 15372 0 13 3 5 16 0 4 16 18 5 3 15 9 2 0 14 19 5 13 17 8 14 9 16 11 5 2 13
10 1 12 11 9 6 8 17 13 13 9 13 5 5 10 3 0 19 9 0 4 17 14 19 19 12 14 15824 14417 13020 11726 10508 9390 8323 7324 6394 6388 6384 6378 6368 6366 6352 6343 6340 6332 6326 6313 6308 6293 6290 6286 6277 6273 6258 6250 6244 6241 6228 6216 6213 6211 6200 6186 6185 7092 8045 9034 10148 11334 12623 13972 15385 3 7 19 19 17 17 2 4 17 3 7 5 7 9 4 18 15 13 8 9 11 1 3 17 4 5 11 7
17 9 16 3 16 1 19 15 14 10 19 10 18 8 9 16 5 16 13 19 12 17 0 9 5 5 4 15817 14411 13014 11711 10493 9376 8317 7320 7309 7304 7303 7291 7290 7285 7275 7268 7258 7252 7248 7245 7243 7233 7226 7220 7206 7197 7188 7176 7169 7163 7154 7150 7144 7136 7127 7113 7107 7103 8053 9049 10149 11346 12627 13975 15387 16 8 11 8 17 15 6 19 13 1 3 11 15 1 7 8 5 18 1 6 18 16 5 19 10 15 0 13
17 3 9 3 3 1 1 0 4 0 9 3 3 15 0 12 12 10 14 7 18 15 13 5 2 16 9 15813 14404 13004 11702 10484 9367 8309 8299 8296 8290 8278 8270 8269 8259 8250 8237 8223 8221 8215 8207 8202 8189 8184 8176 8168 8155 8152 8148 8143 8131 8128 8119 8113 8104 8091 8082 8072 8060 8055 9053 10157 11357 12638 13988 15391 14 11 3 12 0 10 1 4 10 18 16 1 19 6 14 15 13 7 10 6 8 18 12 0 1 6 7 4
15 6 2 4 18 15 3 17 11 10 18 6 7 1 18 3 7 4 15 11 2 18 15 12 13 3 10 15804 14393 12996 11692 10470 9355 9346 9331 9330 9325 9311 9307 9304 9294 9284 9281 9272 9259 9246 9236 9226 9213 9212 9211 9198 9195 9181 9175 9169 9164 9151 9141 9126 9111 9100 9090 9088 9078 9064 9061 10170 11369 12647 14001 15399 12 18 4 10 11 12 1 15 16 0 16 18 7 12 6 1 12 9 19 15 15 2 11 18 7 5 8 19
8 14 16 12 19 17 13 16 7 17 10 12 10 14 19 12 18 11 0 4 13 9 14 8 6 10 14 15798 14380 12992 11687 10467 10455 10451 10443 10431 10428 10416 10414 10400 10397 10391 10390 10377 10363 10358 10348 10344 10341 10331 10318 10315 10303 10298 10292 10277 10264 10250 10235 10231 10224 10215 10207 10197 10195 10181 10173 10172 11380 12652 14012 15402 3 0 19 10 9 16 0 11 14 0 16 11 4 3 2 19 15 15 11 11 2 10 0 17 15 15 16 13
14 12 7 19 2 6 3 19 5 7 9 8 3 11 11 19 14 2 5 4 1 5 17 17 18 3 8 15786 14378 12977 11674 11666 11665 11661 11646 11634 11623 11621 11616 11615 11609 11606 11595 11582 11573 11570 11569 11561 11558 11552 11539 11530 11525 11519 11510 11504 11500 11494 11488 11481 11475 11467 11457 11449 11436 11421 11406 11392 11388 12656 14022 15406 5 10 14 15 10 16 5 1 3 14 1 19 5 13 9 0 0 17 14 13 6 15 19 7 13 15 9 15
3 12 4 19 12 9 13 18 4 14 1 14 5 8 8 17 3 16 6 6 18 3 0 0 16 2 2 15780 14376 12976 12964 12954 12942 12935 12920 12919 12905 12894 12887 12886 12882 12877 12873 12867 12863 12851 12845 12831 12820 12818 12809 12804 12800 12789 12788 12782 12772 12760 12752 12738 12736 12731 12719 12706 12696 12689 12681 12666 12662 12658 14024 15410 9 6 10 18 14 17 12 0 14 12 3 4 13 11 13 0 13 14 4 12 6 3 19 7 3 19 3 5
13 2 2 3 1 4 6 16 17 5 18 14 11 5 11 0 10 1 17 5 13 5 12 5 17 2 1 15770 14375 14373 14363 14355 14349 14342 14335 14324 14321 14311 14302 14301 14286 14276 14272 14257 14244 14231 14230 14215 14203 14202 14196 14187 14186 14180 14165 14164 14161 14154 14140 14125 14118 14107 14104 14091 14089 14079 14070 14057 14048 14043 14038 15413 7 0 11 17 9 17 17 17 10 2 11 5 17 5 9 0 12 10 0 7 0 11 10 17 14 1 14 6
10 17 10 18 10 11 13 11 6 11 0 0 17 13 1 0 6 7 13 15 8 0 14 2 10 19 1 15758 15743 15728 15724 15723 15718 15703 15689 15688 15674 15671 15669 15655 15643 15634 15633 15630 15627 15618 15605 15591 15588 15573 15561 15556 15550 15549 15537 15535 15534 15529 15526 15513 15508 15503 15492 15481 15473 15460 15459 15452 15437 15431 15427 15418 19 6 9 15 6 3 14 1 1 6 0 4 15 5 10 0 9 12 10 14 7 14 3 16 8 2 13 12
5 9 8 9 19 6 19 2 16 19 14 2 11 0 14 8 11 6 12 8 14 5 16 5 2 1 7 12 16 6 11 8 19 18 15 8 11 15 3 6 14 0 1 14 0 0 3 18 6 17 3 7 18 8 1 4 17 6 19 13 2 0 15 7 9 10 4 10 18 12 10 3 13 7 11 7 9 19 6 16 12 1 15 10 7 2 3 13 14 16 2 5 10 13 10 13 13 14 14 12
2 10 18 1 9 19 13 15 1 12 0 17 4 4 5 9 11 17 8 14 4 16 16 18 4 5 18 14 8 6 9 7 1 5 6 1 6 13 2 16 11 0 11 0 8 14 8 17 0 1 19 17 10 14 10 6 15 19 18 15 14 17 6 13 16 0 19 5 12 0 18 12 10 10 7 11 6 0 16 8 12 13 5 17 13 13 11 4 8 7 2 6 6 8 8 8 15 19 15 6
6 13 5 18 3 15 2 1 7 18 14 0 16 10 9 14 9 18 15 11 0 11 7 8 1 18 11 2 2 19 17 9 10 12 8 10 14 3 14 2 15 3 17 12 7 8 11 8 18 8 11 13 8 1 12 2 12 12 8 5 1 8 1 8 6 4 7 12 19 17 2 6 13 8 13 11 3 14 12 11 15 8 9 1 3 1 13 2 13 18 10 4 11 9 8 5 11 2 12 16
10 2 11 17 15 0 19 19 6 8 10 7 6 18 12 7 8 12 3 6 4 19 13 18 5 7 5 6 13 1 17 18 14 17 3 11 19 8 2 11 13 7 16 12 13 17 9 15 18 1 9 17 7 4 17 17 3 14 16 5 7 18 9 2 4 7 9 8 18 15 18 19 4 3 7 2 9 13 6 9 18 6 11 6 8 12 3 8 9 1 2 12 2 8 8 0 0 11 18 16
16 10 19 10 3 7 1 13 13 19 14 6 4 8 2 3 1 8 19 19 3 0 5 1 15 0 7 8 2 18 16 16 4 17 18 2 18 0 9 10 15 15 13 12 12 13 13 7 12 3 3 2 8 12 16 11 12 13 1 2 14 15 18 18 16 11 2 14 8 9 3 11 17 12 0 0 9 5 0 14 14 10 5 1 6 5 12 6 6 5 11 19 15 15 12 19 2 13 8 7
18 7 0 9 9 3 6 7 13 3 15 8 6 4 12 16 15 18 7 6 8 5 3 9 7 10 15 4 11 6 11 3 8 18 11 1 1 15 19 19 10 12 19 5 14 10 12 7 0 16 8 3 4 3 3 13 12 7 10 19 3 19 19 3 18 1 16 1 6 5 16 17 5 12 15 13 12 4 2 19 12 18 12 5 16 3 19 12 15 11 13 14 14 3 8 7 4 1 12 7
3 13 4 10 10 10 4 0 9 1 5 18 9 9 1 8 1 12 9 13 7 5 17 8 15 19 19 0 17 13 14 10 18 14 11 5 0 14 5 18 1 18 14 17 13 5 6 8 3 19 7 19 2 14 5 12 4 3 15 0 18 2 6 17 9 5 2 17 13 6 18 11 16 10 15 1 1 5 0 2 5 0 17 8 2 10 13 0 15 2 12 17 3 19 9 6 13 17 4 12
11 7 7 12 13 14 18 16 13 13 17 16 5 6 5 19 13 12 1 19 5 16 7 13 4 9 17 8 10 15 1 17 19 15 5 15 6 9 19 4 1 14 4 19 17 5 5 12 17 12 10 13 18 14 15 10 13 19 5 7 16 14 18 0 9 6 11 9 9 0 8 15 5 16 13 16 18 10 8 6 18 7 15 10 1 8 16 6 9 2 18 3 10 3 10 13 1 4 17 15
15 19 7 3 4 18 5 17 4 9 3 11 14 17 17 10 0 13 11 3 2 10 18 12 2 5 9 4 10 0 8 7 8 5 15 3 11 1 7 8 11 17 17 6 7 1 11 5 1 10 6 4 6 14 16 18 10 17 15 1 14 14 19 3 3 19 9 19 18 1 19 16 15 15 14 12 15 12 13 15 1 15 8 13 2 19 5 9 15 11 1 12 7 11 10 14 14 16 12 11
17 17 10 4 15 14 14 3 12 17 19 8 8 11 18 14 9 16 7 2 5 2 18 13 2 11 6 4 7 9 4 7 8 13 7 6 8 15 2 12 2 9 18 9 17 6 6 19 13 14 8 7 11 19 3 12 11 9 18 12 15 1 17 19 6 14 6 1 2 6 1 7 15 16 1 12 2 9 15 4 16 16 0 5 15 5 6 18 13 6 18 4 6 9 8 19 1 8 7 1
5 6 19 5 6 5 4 18 5 0 18 1 0 7 9 13 15 1 9 1 14 9 14 11 4 8 12 11 19 14 3 10 5 11 1 16 2 12 12 0 19 6 9 10 19 18 13 9 4 14 8 6 12 15 11 13 16 3 14 19 1 5 1 4 9 6 6 9 0 6 8 16 0 0 3 19 5 10 8 7 2 5 5 6 0 8 16 14 0 14 13 11 2 12 18 19 10 11 14 1
8 7 12 12 8 9 5 8 4 19 4 5 12 10 10 15 14 11 10 18 10 16 9 8 16 8 5 15 17 17 14 19 14 14 13 15 10 6 9 10 18 8 3 13 16 12 19 15 13 0 11 2 3 18 6 16 17 1 18 0 7 17 17 6 5 4 6 16 12 15 14 7 5 2 13 14 8 11 10 1 3 16 18 12 10 3 1 0 10 18 1 6 19 15 7 12 11 17 15 17
8 19 8 5 7 4 8 15 5 0 13 5 6 3 4 17 5 16 5 13 11 7 7 10 8 2 17 4 10 16 13 9 11 19 12 10 9 15 14 6 7 15 11 18 7 8 15 10 10 0 10 18 12 17 7 10 1 6 10 13 11 17 19 12 12 2 1 12 6 11 10 18 2 4 17 14 10 12 2 1 18 0 1 14 13 12 17 0 11 0 18 9 14 5 9 18 1 12 15 17
16 15 9 11 17 9 18 8 19 6 9 3 13 12 17 7 5 7 14 2 18 12 9 19 6 12 19 3 0 15 19 11 13 11 6 1 2 5 14 8 9 15 1 13 19 3 18 8 9 7 9 18 6 1 0 15 13 13 14 11 11 1 11 5 6 4 13 12 7 10 1 10 17 7 13 18 12 5 16 16 9 12 18 18 10 0 18 5 1 5 1 14 4 2 18 11 19 6 18 13
1 0 0 6 16 9 13 5 15 16 12 17 1 17 6 4 12 8 0 6 19 3 13 16 4 19 13 9 0 0 6 18 12 9 6 16 4 14 9 16 2 13 1 2 5 10 12 15 6 10 1 0 3 4 12 2 10 4 2 3 17 3 12 12 3 6 4 13 5 17 2 2 19 3 0 19 16 12 8 11 1 18 5 4 0 16 4 2 0 0 12 5 17 18 16 11 12 13 12 11
17 11 4 15 2 4 0 4 12 15 10 0 5 7 12 6 16 10 1 1 12 19 12 3 17 2 7 4 13 2 17 19 6 7 9 11 17 16 1 9 3 14 7 14 5 9 3 15 17 19 5 4 15 19 0 1 5 3 12 1 15 1 0 2 10 10 7 14 11 0 11 19 6 18 18 1 15 13 9 13 12 10 18 17 17 13 14 11 13 8 15 0 18 9 11 10 15 15 1 4
19 12 7 12 8 2 8 5 17 3 18 10 17 7 4 2 6 8 2 14 17 14 9 0 6 2 17 13 9 7 16 1 6 19 12 17 3 3 12 6 16 14 3 4 0 8 17 6 5 6 3 8 16 12 13 8 2 17 14 13 2 10 14 5 4 18 18 3 5 5 10 12 16 19 11 17 1 11 15 12 19 3 9 10 11 10 7 6 15 10 18 16 0 3 1 8 17 4 14 4
7 11 2 19 5 2 10 8 15 0 14 2 13 8 16 5 2 10 16 17 9 4 18 17 13 15 17 15 12 10 7 10 17 1 5 16 14 2 17 13 7 8 0 3 5 17 13 15 17 14 15 13 8 4 6 12 19 17 8 0 11 3 13 19 7 12 14 1 13 11 14 7 17 11 19 19 15 5 15 14 8 2 12 2 16 1 8 9 19 6 12 0 8 0 17 5 17 0 13 7
4 18 12 16 13 12 14 10 5 5 10 9 14 15 19 0 13 8 18 8 0 17 13 8 4 17 14 7 6 8 3 15 16 3 0 11 18 7 2 16 17 4 18 3 1 5 13 15 18 8 19 13 4 11 9 11 19 13 16 4 7 13 11 11 4 1 16 0 10 14 5 5 1 19 0 14 3 15 9 7 0 6 12 16 9 0 2 0 0 16 0 2 12 15 5 1 6 13 3 3
19 10 6 13 11 9 8 13 9 17 8 0 7 14 15 1 8 15 12 1 9 7 9 16 13 9 6 4 8 2 14 17 6 10 10 12 15 7 16 12 14 5 12 6 11 7 15 16 9 8 17 17 12 14 3 6 2 19 9 16 0 13 19 4 15 0 7 19 11 9 14 11 16 17 7 1 11 18 5 17 8 17 7 15 14 1 14 4 10 14 2 8 8 2 4 1 2 0 8 0
10 18 13 6 5 13 5 10 1 6 19 4 1 7 17 5 11 14 19 10 11 18 5 14 8 0 9 4 2 15 17 16 15 19 18 1 7 2 13 11 15 12 4 2 3 9 0 14 18 12 5 12 7 2 19 17 2 7 12 6 4 17 3 8 7 11 11 4 0 3 19 6 10 15 8 17 15 9 19 6 13 5 13 2 3 19 3 5 16 13 11 13 17 17 5 14 6 19 6 3
0 1 7 13 14 12 8 19 9 19 10 1 10 6 13 9 2 0 14 10 4 7 10 15 14 4 15 12 19 18 15 3 13 4 18 18 3 3 15 10 9 8 1 15 18 10 8 19 18 6 11 5 8 16 7 6 6 17 2 5 16 1 1 18 9 3 14 12 12 11 9 8 19 16 9 5 13 5 19 17 5 17 2 8 5 5 16 12 12 13 13 8 7 4 4 18 6 7 14 2
10 16 3 4 18 18 13 17 3 5 4 0 16 12 11 0 18 5 5 12 7 11 8 3 2 14 16 5 18 3 3 18 6 8 0 5 3 2 6 0 16 3 6 14 11 15 19 17 5 18 16 17 12 16 11 9 2 19 6 17 10 0 3 15 5 12 16 17 19 14 6 15 19 14 13 13 2 15 17 12 8 12 15 1 7 12 11 6 18 4 5 0 17 14 17 17 18 3 11 11
15 7 15 4 1 12 2 3 13 0 13 19 16 12 13 11 8 6 7 6 1 13 9 8 5 8 14 4 12 19 6 11 2 16 13 1 10 13 11 14 3 1 4 0 5 10 15 3 19 11 12 17 18 9 14 8 0 18 1 0 6 12 0 9 3 15 6 0 6 14 3 13 17 3 1 13 11 1 4 13 7 6 13 3 18 5 9 15 19 9 14 1 9 15 10 17 9 12 8 11
9 11 19 4 11 10 8 8 10 6 0 5 5 16 14 12 17 13 10 11 18 1 13 3 13 12 15 7 1 12 3 0 6 3 17 7 13 13 2 0 9 12 7 7 1 8 19 12 11 4 7 7 13 5 11 14 6 2 7 11 11 3 17 17 18 7 16 18 19 4 2 8 9 16 2 12 7 15 1 8 12 6 14 15 4 2 7 7 8 13 18 14 19 16 12 5 17 2 9 1
8 12 8 14 2 14 8 18 15 4 19 6 11 8 18 19 6 15 13 0 18 15 13 6 16 16 19 8 3 1 19 16 6 5 8 13 12 13 17 18 16 4 9 15 2 10 16 15 8 17 10 6 9 6 7 8 4 2 7 18 4 12 6 11 11 14 11 13 3 10 6 17 12 19 16 0 19 7 2 11 18 0 1 14 13 14 0 13 17 19 3 11 15 6 18 14 4 16 5 14
18 12 2 1 5 8 3 15 15 16 6 4 16 11 14 15 10 12 17 3 16 7 19 7 14 19 12 1 0 14 12 8 10 3 18 0 8 4 10 2 5 1 4 16 10 3 10 8 0 11 13 8 13 13 19 14 7 1 3 13 1 17 14 11 15 1 16 8 12 10 6 8 3 8 7 16 19 11 8 15 18 4 4 10 12 17 0 16 11 1 19 8 5 9 14 16 9 16 18 19
3 19 6 16 15 8 15 13 0 11 0 15 14 11 15 3 16 16 13 1 13 14 13 19 13 1 8 1 4 12 19 16 3 6 6 12 14 15 16 17 17 17 7 19 14 19 17 2 6 18 18 6 3 17 8 7 5 17 9 11 8 18 8 18 18 0 7 7 8 18 7 6 18 7 16 5 7 13 18 7 2 6 16 5 15 17 4 11 9 10 16 11 12 9 4 15 18 1 16 9
