50
1 16 18 9 5 17 6 3 8 12 11 4 15 14 10 9 11 1 18 5 15 5 4 13 0 19 7 17 9 1 11 19 18 14 7 19 2 5 9 19 4 7 6 8 7 14 9 16 2 3
16 17 11 8 8 1 13 14 8 4 8 8 5 4 4 1 0 11 2 11 0 2 10 5 10 11 0 18 7 0 5 2 5 14 12 4 12 9 18 5 6 6 11 0 4 1 6 6 15 13
11 4 16 12 19 11 16 7 7 7 7 0 5 7 17 10 3 3 17 3 1 15 1 17 18 0 14 11 9 13 10 8 10 8 12 1 10 16 3 18 15 4 9 14 1 5 8 0 8 5
18 1 11 5 1 16 12 9 11 7 10 5 4 2 7 6 8 12 17 9 15 18 11 18 13 17 19 13 15 8 3 10 19 5 16 19 3 18 19 18 1 7 3 6 18 6 13 2 16 0
18 17 0 14 18 1 8 1 13 18 17 18 19 5 1 9 16 16 19 5 5 12 18 1 16 2 7 8 18 10 5 10 19 9 7 13 13 16 5 3 8 13 19 2 6 6 15 19 11 4
19 8 7 14 14 12 7 2 7 12 0 19 18 11 6 12 12 17 4 8 13 9 8 14 16 8 6 18 17 5 8 17 5 7 1 17 3 7 10 9 6 19 12 12 0 11 16 11 5 5
19 16 14 16 17 12 16 8 16 9 12 18 8 4 4 10 7 9 19 8 14 1 1 15 6 7 13 2 0 18 8 9 13 1 3 16 11 0 11 15 12 2 2 10 4 12 17 1 8 13
13 14 19 6 3 13 2 12 16 5 12 12 4 5 16 2 13 18 5 17 18 11 1 10 10 0 13 7 19 16 17 18 18 17 1 5 12 13 11 16 6 14 2 1 9 17 2 8 2 8
12 16 0 17 9 4 1 18 6 1 10 7 18 19 5 1 8 14 1 16 14 7 5 7 19 3 0 14 4 19 5 0 17 4 9 6 14 17 5 15 18 15 10 2 11 17 10 2 11 8
1 12 16 16 0 18 11 11 8 2 18 10 18 8 5 2 18 0 13 17 13 15 4 13 12 5 4 15 1 8 8 4 0 11 18 12 19 17 6 12 2 14 11 17 14 2 11 14 2 9
14 7 10 3 1 6 11 17 17 2 15 3 17 17 19 11 3 18 2 14 7 12 12 2 17 14 11 8 18 11 17 3 12 11 10 9 1 15 7 8 9 1 7 3 7 8 17 14 6 15
2 11 19 19 9 7 2 6 0 12 5 24 26 32 34 10 19 18 4 11 5 0 9 5 2 4 13 0 10 11 6 18 7 11 7 10 2 7 7 16 14 5 9 6 10 15 15 8 5 14
13 3 16 3 17 6 2 7 9 6 7 22 3 4 49 10 17 13 16 16 12 5 11 7 10 3 7 12 15 4 15 14 6 10 16 7 5 7 18 18 1 6 19 2 12 13 8 12 1 11
16 4 17 8 6 18 12 3 7 11 1 19 17 5 63 9 10 14 0 17 7 19 6 19 18 1 18 12 1 17 13 13 6 1621 1629 1636 1639 1641 1648 1659 1662 1664 1665 1677 1690 1703 1713 1722 1731 6
8 19 15 4 8 14 12 6 18 6 3 13 11 6 68 6 9 2 0 3 13 6 6 6 14 8 6 10 0 6 9 18 7 1619 1217 1222 1230 1236 1237 1252 1253 1258 1271 1278 1283 1296 1308 1309 1740 7
10 5 2 2 9 0 1 15 5 6 7 3 19 6 18 5 9 6 6 0 3 6 2 1 3 18 17 15 9 19 17 15 2 1610 1216 870 874 880 886 900 904 906 908 922 930 931 935 1313 1753 7
7 3 16 5 15 6 1 3 15 3 0 16 1 17 13 8 4 3 4 16 14 8 15 2 15 1 6 13 0 14 4 17 12 1599 1215 860 593 594 595 608 620 625 626 636 643 656 949 1314 1763 11
4 7 10 14 15 15 15 14 7 5 2 19 8 0 2 6 15 2 15 8 19 19 18 6 13 10 0 1 13 8 6 18 8 1590 1207 853 586 359 368 379 384 395 400 406 415 667 958 1326 1776 3
13 5 6 13 5 5 7 0 11 0 3 7 3 1 3 4 9 6 0 2 11 9 18 18 18 7 5 0 9 0 3 7 2 1585 1193 847 583 356 172 177 191 196 201 214 418 673 963 1341 16 4
17 16 8 0 0 10 8 6 7 18 13 3 8 12 16 3 18 15 16 17 0 6 1 11 13 9 5 10 11 13 8 8 6 1582 1192 833 571 347 167 48 55 64 76 218 426 679 967 1343 18 7
19 2 19 3 8 16 10 16 16 18 8 6 17 3 3 1 1 5 10 14 0 13 14 14 4 2 4 9 1 3 7 1 2 1581 1182 826 570 343 155 34 5 8 87 230 428 691 973 1357 10 10
8 15 9 9 11 19 15 6 19 13 9 13 4 7 15 16 15 2 16 7 2 4 8 8 12 8 10 17 7 11 6 16 6 1579 1178 814 566 332 145 31 23 17 97 244 436 693 976 1367 6 3
7 13 10 10 5 9 11 11 2 12 2 0 5 1 18 8 11 12 17 5 15 10 11 2 10 8 7 12 10 19 17 13 0 1570 1166 812 562 328 131 123 115 108 107 258 451 695 977 1381 12 2
5 13 9 15 7 8 19 14 16 3 4 2 10 15 6 19 8 5 2 8 19 9 2 13 7 0 6 13 10 1 16 17 15 1562 1152 805 547 315 304 298 293 282 272 267 461 705 992 1390 18 18
17 14 8 19 10 19 15 6 5 12 14 18 17 0 8 13 18 17 11 18 2 17 5 6 0 12 4 2 17 16 3 16 18 1547 1138 803 533 527 516 506 493 478 470 466 463 712 994 1402 6 10
6 2 8 18 16 2 6 1 13 4 18 17 2 15 11 15 7 1 17 4 18 0 4 6 14 11 5 16 4 5 6 5 0 1544 1128 801 792 783 770 761 756 754 741 731 728 725 1005 1403 6 1
15 6 19 16 11 8 10 4 17 5 7 3 15 17 14 0 15 8 14 3 11 16 3 8 0 1 0 13 3 9 12 3 7 1536 1121 1111 1099 1090 1085 1070 1065 1064 1050 1037 1024 1010 1008 1406 18 17
10 8 14 12 8 6 4 8 6 7 15 7 17 11 5 10 0 5 18 19 18 2 8 17 6 13 5 18 10 11 0 17 2 1531 1526 1514 1500 1489 1487 1475 1467 1453 1452 1443 1441 1437 1429 1418 13 2
18 0 17 15 15 12 16 10 9 15 10 17 4 15 15 16 0 8 9 10 13 7 17 3 5 3 14 6 14 12 15 1 5 1 15 4 18 11 13 0 5 6 5 10 9 7 15 7 19 3
14 8 13 8 6 0 7 9 6 5 5 7 13 16 10 13 13 9 9 3 0 11 11 18 3 8 8 2 0 8 13 6 0 18 5 1 5 19 6 13 16 9 14 4 19 19 7 8 1 15
12 3 10 7 5 4 4 5 13 12 10 17 17 5 12 16 16 10 11 14 1 11 18 16 5 16 9 4 6 12 2 12 11 0 5 0 8 19 17 7 8 12 11 4 13 18 0 7 8 17
19 19 10 10 16 0 18 11 0 16 0 14 8 17 13 5 19 7 8 16 4 8 16 15 13 3 11 8 6 13 19 7 13 1 7 15 12 15 0 12 11 15 0 13 8 7 15 3 12 14
9 10 8 15 3 13 7 5 0 5 10 12 18 11 13 16 13 1 8 16 0 19 7 17 12 18 9 12 13 18 19 18 6 10 2 15 7 17 14 14 12 2 6 14 5 14 8 3 4 1
15 10 7 18 18 7 14 12 7 18 11 9 8 0 12 0 12 14 17 15 17 10 7 10 0 5 4 3 14 4 0 18 2 15 10 3 18 11 4 17 3 0 4 17 7 10 19 15 17 7
5 0 8 9 13 18 4 19 10 16 5 10 8 13 0 2 12 6 7 11 4 1 0 5 2 13 13 14 7 8 14 2 6 8 7 11 17 1026 1029 1043 1058 1061 1063 1075 1089 1091 1105 1119 1122 12
7 13 6 13 14 7 15 6 9 2 8 2 14 11 6 18 15 4 4 4 18 1 11 0 3 5 8 19 9 10 9 12 8 3 0 1 14 1014 694 709 718 729 739 741 745 747 755 761 15 16
2 18 13 16 16 6 5 1020 1017 1010 1006 1005 993 979 968 957 956 950 2 11 5 9 4 7 8 19 19 15 2 2 12 7 11 8 14 11 10 1008 680 399 403 410 411 424 435 447 457 776 16 3
1 9 14 4 6 6 11 714 708 701 687 685 679 664 649 640 633 939 0 1 17 12 7 19 11 8 0 5 5 10 10 1 8 15 18 11 4 995 677 387 206 221 229 241 255 259 464 785 15 9
13 2 11 5 9 7 4 722 455 451 441 434 422 414 401 396 629 932 15 1 16 9 19 7 2 8 19 3 11 11 11 16 18 19 18 6 11 984 674 380 197 82 91 102 106 264 472 799 18 19
1 0 14 4 18 13 16 732 457 269 261 250 237 223 216 388 617 931 6 12 6 4 3 1 12 9 13 2 2 9 2 4 9 0 16 5 5 982 672 376 192 77 17 18 109 270 479 811 13 16
6 5 5 1 9 16 8 734 464 280 123 118 108 101 207 373 611 930 8 1 10 4 1 7 7 19 1 2 9 5 3 9 10 11 8 5 17 972 669 374 184 65 3 23 121 274 492 819 16 0
1 13 6 18 7 3 4 735 467 282 127 30 23 95 198 369 603 919 15 12 3 7 17 6 17 0 17 9 16 18 0 2 14 15 8 14 18 971 656 359 183 54 43 31 124 277 507 832 8 14
18 2 3 16 7 17 5 737 474 284 129 45 9 92 190 368 590 908 10 6 9 14 18 0 2 16 5 13 13 4 1 8 11 15 3 3 3 957 642 346 172 163 148 133 131 287 522 841 4 1
5 12 10 0 7 15 5 751 488 296 142 57 70 80 176 366 575 901 3 7 3 0 14 4 15 14 4 1 5 0 7 12 9 17 18 13 18 952 632 332 327 322 321 312 306 301 536 842 1 15
5 13 7 6 8 17 3 753 501 299 152 158 164 171 173 364 568 897 11 7 17 0 4 11 19 11 0 10 6 13 18 3 10 2 5 1 15 938 630 617 611 598 583 574 559 551 538 843 18 2
4 14 16 19 18 7 10 767 502 303 318 329 341 344 353 362 562 888 1 16 15 8 19 10 13 8 15 15 2 14 2 14 15 10 3 14 12 934 933 918 916 904 891 876 869 861 850 844 1 15
19 18 14 7 13 19 6 782 508 510 513 519 521 529 534 541 552 874 7 2 17 8 12 18 13 13 8 11 10 16 19 9 9 17 4 6 1 9 5 18 9 9 1 19 7 9 13 14 5 10
13 9 14 2 8 14 7 796 797 803 804 811 812 823 836 840 852 859 13 5 4 18 15 4 11 14 12 3 4 6 3 11 1 13 15 6 16 8 11 1 10 0 13 7 11 11 12 9 6 9
14 3 10 1 7 9 17 5 11 5 8 2 10 4 15 19 10 15 11 1 0 17 9 7 15 6 12 2 9 6 14 4 4 10 19 13 16 13 11 2 5 7 17 18 8 6 0 17 9 14
9 19 4 19 12 9 8 17 3 2 18 3 17 0 18 14 4 7 3 4 6 3 11 12 12 14 10 9 15 5 13 11 2 11 17 0 8 14 3 7 16 1 19 13 6 5 10 4 0 12
