14
8 15 8 3 19 14 4 6 19 18 5 6 6 0
7 12 7 12 16 14 7 1 3 2 11 16 3 8
3 2 18 16 0 11 2 16 10 5 4 6 17 9
3 14 17 8 8 11 16 3 8 7 6 11 17 12
3 7 8 5 15 7 18 17 3 13 1 10 8 11
10 9 12 14 29 3 5 7 13 13 14 12 12 10
1 2 17 17 37 44 45 1 10 3 17 3 19 15
9 7 2 10 2 18 6 7 10 8 11 18 13 0
3 6 2 10 12 8 14 1 18 3 7 5 18 1
17 10 14 18 18 1 3 16 7 18 9 15 5 15
6 6 13 0 10 8 8 12 13 0 6 15 10 19
17 12 2 8 12 9 4 14 8 12 7 12 15 8
4 17 3 9 15 1 9 0 12 8 3 11 14 13
11 0 14 10 17 19 0 18 11 4 0 7 19 5
