100
6 5 7 16 9 15 7 13 16 16 1 6 5 2 13 14 5 19 14 11 8 17 3 0 6 19 19 13 13 19 13 8 0 1 8 13 18 10 7 9 19 12 14 9 4 2 0 13 17 15 4 3 1 4 6 14 0 5 7 17 0 7 19 10 16 7 18 15 16 2 17 10 3 14 19 15 5 8 0 8 0 10 12 0 5 19 2 16 3 13 15 15 16 14 14 3 12 10 2 1
17 11 14 0 11 18 12 7 15 13 19 13 14 10 1 13 5 7 9 4 7 2 6 15 19 3 13 15 2 11 11 14 10 4 1 15 8 15 11 17 0 1 19 14 15 8 0 10 9 3 7 9 11 17 16 9 11 15 12 10 15 5 13 0 11 18 15 11 6 5 6 10 10 7 7 14 10 14 12 19 13 0 2 2 13 9 5 9 1 13 15 1 7 18 1 14 16 12 2 16
13 5 0 4 18 15 12 16 9 8 1 8 13 6 16 13 19 15 18 3 1 14 15 6 17 14 18 12 13 19 4 10 12 3 1 4 3 15 9 18 2 18 11 9 16 0 0 1 6 18 18 3 2 18 19 18 11 19 16 6 9 6 5 14 1 6 18 2 19 4 14 11 9 14 19 6 4 15 7 18 6 4 14 10 18 12 3 2 11 2 19 12 1 2 0 14 2 7 14 19
16 9 4 7 12 7 0 7 11 18 0 0 14 18 16 10 7 12 16 4 10 17 16 18 1 15 9 12 16 2 1 17 16 8 5 6 14 7 7 4 18 14 15 19 0 2 2 17 14 15 17 18 12 16 14 17 5 4 16 14 15 9 12 18 13 1 0 4 2 18 11 1 0 2 16 7 2 4 4 1 11 5 18 6 13 19 17 11 1 1 2 18 7 19 2 12 15 9 14 1
13 2 0 19 19 15 12 16 1 15 12 0 10 18 8 6 4 13 18 17 0 16 17 15 19 6 7 13 12 0 5 17 15 12 14 4 5 0 10 2 17 4 0 16 15 4 10 1 15 18 8 16 11 6 12 4 0 15 12 11 3 1 0 5 12 7 2 13 15 10 3 2 18 7 4 7 9 6 0 14 4 19 16 18 14 2 0 19 6 1 0 8 3 8 3 11 15 4 11 3
13 17 13 14 3 11 18 12 5 6 11 19 12 16 16 13 9 9 7 3 5 9 7 3 5 11 11 8 2 14 17 16 15 12 2 7 10 0 8 3 19 4 10 3 2 0 2 15 16 14 12 0 17 10 2 12 5 8 3 13 19 15 13 2 13 16 18 14 1 3 1 8 15 9 17 6 12 0 9 10 6 3 16 10 10 5 0 19 14 7 7 8 7 11 18 16 18 8 3 5
13 8 10 3 16 9 4 4 16 15 14 1 9 16 6 1 19 17 13 12 2 1 8 19 14 19 12 10 3 9 7 10 13 14 10 12 0 19 16 9 4 2 4 19 19 3 6 13 9 3 13 7 7 9 5 13 19 3 11 11 16 6 6 19 19 6 5 15 9 0 4 17 18 8 15 10 5 1 8 6 16 7 17 4 14 16 6 9 4 6 0 17 13 16 10 2 17 11 19 4
12 15 5 9 10 18 0 1 11 17 5 16 12 0 0 7 11 18 4 13 15 13 18 7 14 15 5 10 5 6 9 3 13 9 17 19 6 8 10 8 8 4 4 8 5 15 10 8 18 6 14 4 5 3 18 13 10 18 10 11 1 11 6 0 8 18 2 8 5 9 13 19 9 9 1 16 18 3 4 0 11 9 4 6 14 9 7 15 15 18 14 9 1 1 14 4 4 9 8 5
10 18 5 10 7 14 1 1 8 13 17 9 5 2 14 3 14 11 17 1 3 10 8 16 7 8 18 1 19 7 5 8 6 14 3 6 16 3 15 0 11 16 2 17 17 14 1 3 12 16 16 12 7 15 0 8 14 5 17 5 19 3 19 3 9 18 6 5 8 9 11 16 3 9 5 6 19 17 8 2 5 12 1 18 10 4 18 5 5 8 3 6 13 17 14 8 19 1 6 12
17 0 10 0 12 12 0 14 3 18 16 12 1 8 3 16 18 18 3 11 17 12 1 10 16 7 0 1 3 4 8 3 10 7 3 18 13 8 11 7 1 9 8 17 4 0 18 19 13 8 18 18 10 10 6 3 10 11 19 1 14 10 11 19 18 11 18 5 16 13 0 3 8 12 8 9 14 19 19 5 0 11 12 18 3 14 2 19 9 17 2 3 1 0 15 6 18 7 0 8
7 12 17 17 6 0 12 17 19 6 1 0 15 15 3 16 10 7 18 9 6 10 14 17 14 10 13 18 14 4 4 9 3 9 17 4 1 15 5 7 6 1 12 6 2 15 18 2 17 17 13 13 9 6 10 18 13 15 4 9 1 17 2 15 3 8 13 14 6 13 6 16 12 15 13 13 9 8 14 17 9 17 11 15 6 0 2 14 0 0 4 1 17 11 18 10 17 7 12 18
4 6 3 5 17 0 15 7 19 1 17 72 74 78 80 2 17 12 2 13 17 16 18 13 16 14 17 6 3 9 14 4 13 9 5 0 1 9 2 18 1 3 14 12 16 2 17 17 13 8 15 11 6 8 9 1 15 13 18 19 18 4 11 12 15 10 15 7 4 10 19 17 19 1 1 10 15 3 5 1 15 17 0 5 5 0 17 17 10 17 18 17 18 0 12 10 19 6 17 17
1 2 13 0 1 16 2 10 14 13 1 64 9 18 85 13 10 15 7 8 9 13 4 9 15 7 4 19 9 13 8 17 17 1739 1753 1767 1770 1776 18 11 14 13 8 7 5 9 0 16 3 1 9 0 0 2 8 13 5 18 0 13 1 2 19 13 0 5 16 2 16 8 13 9 11 3 10 9 17 18 18 18 18 19 14 16 10 15 10 10 15 4 2 5 3 6 10 12 10 0 14 17
14 5 9 11 17 10 7 14 18 18 16 55 44 30 92 13 16 1 11 5 18 14 16 16 18 0 1 14 19 11 1 0 7 1724 1294 1308 1320 1325 1340 1346 1355 1358 1372 1376 1389 1395 1407 1410 6 8 18 0 2 19 18 16 7 13 1 3 10 1 10 11 12 0 13 4 15 0 4 8 7 6 6 0 6 3 18 5 0 11 3 5 3 17 2 18 6 8 17 15 9 14 3 3 8 2 5 2
19 16 11 15 10 2 9 10 8 15 11 17 6 6 100 14 9 4 2 15 3 3 18 14 14 11 7 6 5 9 6 2 17 1712 1281 945 955 967 971 973 979 982 986 987 1002 1004 1011 1417 3 17 2 6 6 3 10 9 2 4 11 1 13 12 18 18 2 0 8 2 17 5 16 13 6 15 6 14 12 3 13 1 19 12 4 6 2 10 12 10 1 4 17 9 9 0 1 15 1 17 13 19
17 4 9 9 1 18 7 6 13 13 19 10 19 12 10 1 12 0 5 2 6 0 8 12 17 1 2 1 1 19 17 2 16 1700 1273 944 616 625 627 628 637 649 660 669 680 694 1025 1425 12 16 19 13 18 8 12 0 13 18 17 9 13 18 5 15 0 7 2 9 12 7 14 16 15 1 3 10 17 5 4 5 14 15 1 0 6 7 14 3 1 12 14 17 18 7 9 17 1 18 19 18
12 16 15 0 19 12 5 6 4 2 4 10 6 0 19 9 4 13 0 15 8 14 2 19 8 2 3 14 17 4 9 2 14 1694 1270 930 605 381 382 383 385 400 415 423 431 696 1032 1431 16 3 1 19 19 9 12 9 3 18 17 9 18 4 11 17 15 14 6 14 8 16 11 6 15 8 18 2 3 11 13 2 8 1 2 3 14 0 4 5 18 8 6 3 14 3 1 12 3 19 7 19
8 4 15 5 8 18 3 17 16 8 12 0 2 10 9 3 5 0 10 14 3 3 11 18 19 16 11 13 6 3 14 8 4 1679 1264 929 597 375 201 204 209 217 223 224 440 709 1034 1434 16 5 15 4 0 12 2 15 10 16 14 13 0 2 13 1 11 15 3 2 1 18 9 1 12 18 11 7 4 11 15 15 14 14 7 14 2 15 17 18 10 10 1 4 12 2 11 6 11 18 19 5
0 0 17 19 6 7 16 11 11 15 18 7 9 8 4 2 13 19 4 19 9 11 4 3 4 12 17 15 18 5 0 16 8 1670 1261 927 595 365 192 80 83 87 96 238 442 713 1043 1436 16 0 13 11 13 7 12 8 2 19 9 8 13 8 16 5 9 17 18 3 5 8 5 4 17 1 19 19 9 13 10 5 5 8 6 0 19 1 16 13 15 8 18 1 12 8 19 14 11 0 4 7
5 12 10 9 16 12 10 11 2 8 15 4 14 4 15 16 15 2 8 12 2 14 12 18 18 9 15 5 18 13 5 16 7 1659 1256 916 594 356 191 76 9 22 106 245 452 725 1056 1448 9 1 13 11 13 15 4 8 5 6 10 12 9 15 13 12 6 13 9 16 19 0 3 0 5 16 18 10 11 14 1 17 16 3 2 5 18 15 5 17 7 4 7 13 10 18 17 2 16 5 11 2
7 17 18 16 6 17 10 8 7 4 4 19 10 7 3 2 14 7 19 7 9 6 15 3 11 4 11 5 19 4 14 8 9 1657 1252 902 592 346 176 73 8 36 110 257 464 735 1060 1456 17 15 7 16 19 1 5 2 17 14 2 3 0 5 17 4 19 14 15 9 16 1 0 4 5 7 18 16 14 4 6 0 3 14 0 14 16 4 1 10 0 15 19 3 3 17 16 3 19 10 6 14
17 8 18 1 15 13 10 16 13 4 17 14 8 9 14 7 14 4 12 11 3 9 16 17 0 15 15 10 14 18 6 7 5 1643 1247 901 589 334 171 69 61 51 120 258 470 741 1070 1463 11 1 4 5 11 0 8 13 10 12 3 7 8 1 7 12 9 7 18 15 17 2 1 10 16 0 14 7 5 17 7 15 0 2 12 12 1 5 0 19 7 12 14 12 4 16 2 4 5 19 15 12
2 1 19 16 0 8 5 11 14 6 9 13 13 16 9 16 11 0 19 15 5 10 23813 23809 23808 23793 23781 23779 23773 23761 23748 23736 23731 23727 23718 23714 23706 23704 23699 23688 23679 23678 23668 23656 23654 23648 23646 23638 23629 23618 23616 23605 23597 23593 23590 23577 23566 23557 23549 23540 23532 23529 23527 23526 23513 23498 23489 23480 23475 23470 23468 23454 23451 23450 23440 23434 23428 13 11 0 5 1 10 2 10 14 16 16 19 1 1 19 8 4 5 0 1 7 1 7
8 7 12 18 10 12 0 15 11 16 19 3 17 1 11 0 10 7 9 17 15 6 23821 22225 22221 22216 22208 22206 22197 22190 22184 22178 22173 22160 22147 22134 22124 22117 22104 22090 22076 22062 22051 22046 22036 22023 22010 21997 21993 21991 21981 21980 21974 21961 21957 21945 21932 21922 21914 21911 21904 21902 21891 21879 21866 21865 21859 21850 21842 21831 21830 21825 21822 21810 21800 21794 23427 4 14 11 19 14 13 16 3 10 13 19 18 10 15 2 2 7 1 0 15 0 18 10
3 18 6 17 3 14 2 11 19 12 9 19 12 12 15 18 16 18 8 8 0 10 23830 22230 20586 20583 20570 20565 20554 20552 20548 20545 20542 20533 20527 20514 20509 20501 20489 20488 20475 20460 20457 20456 20451 20446 20431 20416 20403 20401 20399 20395 20392 20385 20375 20368 20364 20351 20348 20347 20342 20331 20328 20314 20311 20300 20287 20281 20279 20271 20265 20260 20248 20234 20224 21786 23415 19 0 4 17 12 16 7 1 8 19 13 16 13 19 16 0 17 3 9 10 19 16 4
9 12 2 9 1 5 17 17 2 4 19 19 5 18 19 8 15 14 7 1 4 15 23844 22233 20597 18956 18947 18939 18930 18915 18904 18897 18891 18889 18883 18882 18881 18876 18870 18858 18846 18843 18828 18823 18810 18807 18804 18802 18792 18787 18781 18776 18774 18759 18745 18737 18728 18716 18702 18691 18679 18672 18663 18652 18650 18641 18636 18630 18626 18611 18607 18597 18596 18591 20222 21785 23403 1 3 11 19 4 11 18 12 0 7 10 0 17 3 19 14 17 14 4 18 0 15 1
10 16 6 2 0 14 2 19 16 14 10 5 17 12 14 1 3 16 0 3 0 10 23855 22241 20608 18966 17391 17385 17370 17368 17355 17349 17334 17329 17316 17304 17289 17285 17275 17271 17270 17268 17257 17246 17242 17234 17219 17206 17194 17180 17176 17170 17158 17145 17142 17140 17129 17126 17121 17115 17107 17102 17089 17087 17080 17070 17069 17067 17059 17048 17041 17028 17024 18583 20221 21777 23399 17 4 17 8 14 16 19 5 16 13 5 3 7 8 4 9 9 0 6 2 6 10 1
10 0 0 3 1 2 17 2 0 2 14 11 14 14 19 14 18 13 5 2 17 2 23856 22248 20613 18977 17399 15971 15966 15955 15940 15927 15912 15905 15901 15888 15874 15860 15849 15835 15828 15824 15812 15797 15793 15790 15783 15781 15780 15765 15763 15748 15735 15733 15725 15723 15712 15703 15688 15682 15679 15677 15669 15655 15641 15633 15621 15608 15602 15589 15579 15572 17023 18575 20210 21776 23396 7 4 7 10 18 7 7 6 5 5 17 10 14 14 13 5 9 3 6 17 13 1 10
3 7 0 0 14 18 3 6 15 11 1 16 1 3 4 0 0 14 4 16 4 7 23864 22251 20614 18981 17411 15972 14504 14491 14480 14468 14461 14459 14448 14444 14432 14428 14414 14401 14390 14384 14373 14370 14364 14361 14360 14354 14342 14327 14323 14322 14317 14313 14304 14298 14286 14272 14259 14249 14236 14230 14226 14220 14217 14202 14200 14189 14178 14171 14162 15558 17017 18561 20208 21764 23384 19 11 12 9 19 7 10 6 5 9 13 4 15 14 18 0 17 17 1 18 7 2 18
11 15 16 3 8 6 4 16 4 4 5 3 4 7 14 1 15 3 10 17 16 11 23867 22261 20615 18991 17426 15976 14517 13156 13147 13140 13133 13129 13119 13107 13106 13102 13090 13080 13071 13061 13048 13046 13032 13020 13008 12998 12983 12974 12972 12971 12956 12952 12947 12932 12928 12927 12913 12908 12898 12884 12872 12860 12853 12851 12836 12830 12818 12803 14161 15549 17009 18560 20194 21749 23378 9 0 0 4 17 13 7 18 18 15 13 0 0 7 19 10 4 16 1 17 16 11 1
8 3 9 19 7 8 4 5 2 8 11 8 12 9 17 2 0 0 13 17 3 10 23872 22264 20624 18996 17436 15988 14523 13158 11864 11854 11851 11845 11832 11829 11818 11803 11801 11797 11785 11775 11761 11747 11732 11729 11718 11703 11691 11682 11675 11672 11667 11665 11662 11651 11647 11636 11622 11617 11604 11595 11584 11570 11555 11550 11548 11540 11537 12800 14150 15536 16998 18545 20180 21737 23373 6 2 10 3 12 10 6 4 6 4 13 4 0 2 9 14 19 6 1 16 10 15 4
18 10 3 6 13 17 16 6 15 15 0 4 8 18 14 8 17 0 1 7 14 10 23879 22269 20631 19006 17449 15998 14533 13171 11875 10707 10705 10696 10693 10679 10676 10667 10666 10660 10656 10641 10631 10629 10625 10618 10612 10605 10597 10584 10578 10575 10568 10564 10558 10544 10534 10528 10525 10515 10506 10503 10489 10482 10481 10477 10466 10460 11533 12798 14142 15524 16994 18537 20171 21735 23367 11 15 2 0 12 0 15 15 1 12 9 13 19 10 15 3 15 12 4 6 0 9 8
1 6 1 13 5 7 9 0 11 18 4 18 10 1 14 1 17 1 9 8 7 17 23882 22279 20645 19007 17459 16010 14541 13185 11888 10717 9580 9571 9568 9562 9559 9552 9538 9529 9514 9504 9490 9475 9465 9456 9455 9442 9429 9420 9419 9406 9405 9392 9383 9382 9377 9373 9369 9366 9360 9347 9343 9333 9329 9315 9308 10445 11525 12787 14139 15523 16982 18524 20160 21730 23354 8 3 4 19 13 18 6 11 0 11 14 17 14 18 11 18 2 13 12 19 7 9 13
2 8 18 2 1 13 16 11 0 13 6 19 18 9 10 5 4 16 13 0 2 3 23884 22282 20654 19022 17472 16018 14548 13186 11901 10719 9589 8518 8511 8503 8499 8492 8481 8475 8472 8464 8453 8441 8435 8421 8417 8402 8393 8379 8369 8357 8348 8345 8336 8329 8319 8308 8306 8304 8290 8287 8283 8269 8260 8258 9296 10434 11510 12778 14138 15514 16975 18520 20150 21722 23351 2 15 7 15 2 16 3 18 15 11 16 15 10 8 12 5 12 18 1 12 2 12 5
19 5 11 14 10 0 4 17 4 8 16 10 16 16 5 12 10 9 7 8 8 11 23887 22294 20664 19030 17481 16033 14561 13193 11902 10727 9601 8526 7520 7512 7503 7502 7499 7490 7489 7488 7487 7482 7481 7466 7455 7448 7439 7435 7433 7422 7409 7399 7384 7374 7368 7357 7343 7342 7327 7317 7302 7288 7278 8243 9290 10425 11496 12767 14128 15504 16974 18516 20138 21718 23347 13 7 1 11 2 8 3 16 9 6 8 5 17 14 6 1 8 19 18 0 12 7 7
1 6 14 3 3 3 17 4 17 4 3 1 17 9 14 6 6 14 14 1 14 8 23902 22309 20676 19034 17488 16036 14565 13203 11906 10729 9606 8541 7534 6573 6565 6562 6559 6548 6541 6527 6512 6508 6505 6501 6494 6485 6472 6467 6464 6458 6457 6455 6448 6445 6432 6430 6419 6413 6404 6391 6379 6366 7274 8240 9281 10411 11488 12758 14118 15498 16967 18505 20123 21705 23333 3 16 13 1 3 11 12 3 10 6 0 4 8 19 1 12 16 0 12 19 7 10 12
0 19 18 10 1 2 5 1053 1047 1039 1034 1020 1014 999 988 984 976 972 6 12 13 19 23908 22321 20682 19044 17499 16046 14571 13206 11921 10742 9614 8550 7540 6585 5660 5657 5652 5649 5639 5626 5618 5615 5604 5592 5583 5582 5577 5566 5561 5553 5546 5542 5540 5531 5529 5526 5523 5508 5498 5491 5488 6355 7270 8235 9275 10406 11480 12744 14105 15489 16956 18494 20118 21698 23318 12 10 6 10 3 14 2 6 1 7 13 4 15 16 14 7 15 5 16 10 3 2 14
15 1 4 9 13 11 12 710 702 700 694 691 677 665 651 639 632 963 5 3 8 3 23915 22326 20690 19047 17511 16047 14575 13212 11936 10756 9627 8561 7548 6600 5675 4885 4871 4858 4846 4833 4821 4811 4804 4793 4781 4768 4766 4757 4753 4744 4732 4729 4719 4711 4709 4708 4702 4688 4684 4672 5486 6351 7263 8229 9272 10402 11477 12733 14102 15485 16947 18484 20105 21692 23312 8 17 12 6 15 0 6 3 4 17 16 2 6 7 16 5 2 19 13 4 1 4 11
2 9 1 7 7 5 11 725 430 425 414 408 406 391 387 381 628 951 10 19 11 17 23928 22327 20697 19048 17513 16062 14584 13225 11951 10760 9641 8568 7550 6602 5690 4896 4158 4154 4152 4151 4139 4124 4110 4099 4097 4096 4081 4071 4068 4053 4041 4040 4037 4035 4024 4016 4008 3997 3990 4663 5473 6350 7261 8215 9270 10387 11475 12722 14101 15483 16935 18470 20094 21684 23298 19 19 5 17 14 12 4 6 1 3 16 18 2 12 1 15 6 4 18 19 1 8 7
10 16 9 12 17 4 17 727 435 224 223 210 209 207 203 376 613 943 16 6 18 9 23933 22335 20698 19051 17521 16075 14585 13238 11954 10770 9643 8577 7561 6607 5695 4908 4166 3512 3502 3490 3480 3478 3471 3456 3454 3444 3429 3416 3403 3397 3387 3383 3370 3355 3343 3329 3319 3305 3976 4654 5471 6335 7247 8201 9258 10381 11471 12713 14094 15477 16926 18456 20079 21683 23284 7 1 10 18 14 19 7 16 6 4 2 12 0 2 0 19 19 9 13 2 10 6 19
8 16 16 12 15 8 4 734 441 239 85 84 71 64 195 365 600 935 5 3 9 0 23945 22346 20711 19058 17525 16080 14591 13252 11962 10777 9655 8591 7567 6614 5701 4919 4170 3520 2848 2844 2839 2838 2824 2809 2798 2790 2784 2783 2769 2755 2741 2731 2717 2706 2691 2682 2670 3301 3968 4651 5470 6325 7238 8186 9252 10373 11469 12708 14086 15462 16921 18449 20076 21675 23272 3 17 2 3 9 0 16 3 15 4 10 18 19 16 2 6 19 18 18 5 16 19 5
9 11 11 7 17 9 14 738 446 246 90 13 11 63 181 353 587 933 0 19 15 16 23951 22356 20716 19071 17529 16089 14605 13257 11973 10787 9666 8600 7579 6623 5708 4922 4175 3521 2854 2232 2230 2223 2213 2208 2204 2190 2185 2183 2171 2158 2146 2139 2133 2129 2115 2100 2655 3291 3954 4647 5464 6320 7232 8174 9238 10361 11464 12705 14077 15448 16917 18446 20074 21674 23267 1 4 5 13 15 3 19 0 14 17 6 2 0 8 15 7 16 2 14 9 7 3 18
12 10 5 19 9 7 18 753 458 259 104 24 5 48 174 339 575 929 15 10 13 9 23958 22369 20730 19077 17531 16102 14611 13268 11984 10802 9681 8612 7589 6630 5719 4934 4180 3532 2867 2243 1740 1731 1721 1713 1709 1696 1692 1686 1672 1665 1660 1646 1643 1640 1638 2086 2640 3290 3945 4642 5452 6309 7226 8161 9225 10360 11460 12690 14068 15438 16902 18445 20071 21666 23260 0 11 1 6 10 15 8 19 19 18 13 2 1 4 3 8 12 7 10 18 6 9 7
8 5 3 17 0 15 5 767 470 270 112 34 37 46 169 338 574 922 10 18 16 17 23969 22383 20741 19090 17541 16104 14619 13272 11992 10813 9688 8617 7601 6643 5725 4937 4191 3546 2876 2253 1748 1317 1313 1304 1302 1293 1285 1273 1261 1260 1255 1247 1237 1227 1635 2084 2625 3288 3932 4632 5441 6301 7218 8157 9218 10353 11456 12689 14061 15432 16887 18434 20058 21654 23259 12 11 5 8 2 18 2 2 5 3 18 5 18 4 13 15 12 16 2 14 7 18 3
11 18 16 0 7 6 0 781 478 281 123 131 146 158 161 323 571 920 0 12 13 15 23981 22389 20747 19095 17553 16115 14628 13282 11996 10825 9696 8629 7608 6647 5726 4943 4199 3548 2883 2264 1763 1326 941 931 921 913 903 891 876 874 870 856 843 1212 1634 2082 2619 3274 3922 4627 5432 6286 7212 8154 9211 10338 11451 12678 14056 15424 16878 18426 20043 21642 23253 11 13 19 12 1 9 0 5 17 14 16 0 16 12 15 9 7 5 10 12 16 3 4
15 15 13 2 10 8 18 789 491 289 295 304 306 307 308 315 570 914 2 1 0 15 23986 22400 20758 19097 17554 16126 14633 13289 12000 10828 9697 8634 7610 6650 5735 4953 4206 3558 2893 2271 1766 1330 956 604 590 583 580 579 566 561 554 550 841 1204 1630 2067 2605 3273 3921 4614 5426 6278 7211 8141 9198 10330 11437 12666 14043 15419 16867 18418 20028 21632 23246 10 11 15 14 9 5 1 16 10 5 12 1 10 10 7 10 19 18 12 5 9 14 0
16 11 16 15 3 12 1 796 501 512 514 523 526 537 552 555 560 907 13 10 7 1 23998 22414 20767 19107 17565 16132 14643 13300 12008 10833 9710 8636 7624 6661 5738 4956 4217 3561 2904 2281 1774 1345 966 614 360 357 342 336 331 323 321 537 831 1191 1621 2060 2593 3262 3917 4612 5425 6266 7196 8138 9195 10324 11433 12659 14035 15416 16854 18410 20020 21623 23245 15 4 12 19 2 9 14 5 17 2 17 2 14 17 17 10 16 16 16 2 5 15 10
3 15 7 13 7 18 14 807 821 828 837 849 861 864 866 871 885 893 7 7 13 6 24007 22422 20775 19113 17579 16137 14644 13304 12010 10846 9714 8637 7626 6675 5744 4964 4223 3565 2910 2285 1779 1348 973 620 364 159 147 145 135 121 312 533 821 1188 1611 2048 2584 3251 3912 4599 5419 6256 7189 8130 9185 10310 11431 12653 14028 15410 16841 18403 20014 21617 23233 0 15 11 9 14 1 6 3 17 8 3 1 12 3 0 7 12 9 3 6 9 11 13
10 1 19 3 15 12 10 7 5 13 2 15 9 16 10 17 2 4 10 13 2 7 24020 22425 20785 19116 17581 16151 14657 13307 12014 10851 9723 8639 7638 6679 5750 4975 4227 3569 2913 2293 1794 1354 982 635 369 173 52 38 35 109 304 528 811 1181 1596 2036 2573 3246 3901 4587 5405 6253 7181 8124 9174 10295 11419 12652 14017 15408 16828 18400 20007 21609 23228 19 19 6 1 4 18 17 19 13 3 11 7 13 16 7 14 19 18 13 9 8 1 12
7 13 18 8 5 6 15 12 15 4 9 19 13 2 16 15 19 14 16 2 4 9 24027 22431 20795 19122 17593 16157 14671 13316 12028 10857 9727 8640 7644 6685 5754 4989 4235 3572 2923 2299 1806 1363 988 648 372 186 63 6 34 107 292 514 798 1166 1594 2030 2558 3237 3897 4584 5403 6238 7171 8115 9160 10294 11416 12639 14009 15406 16824 18398 19995 21605 23214 19 5 3 18 4 3 15 10 13 13 13 19 7 0 13 2 16 2 5 1 4 11 10
5 12 14 1 13 4 10 4 17 7 15 18 6 18 4 5 18 9 11 17 14 5 24033 22442 20796 19131 17602 16170 14685 13321 12040 10867 9737 8644 7652 6695 5760 5002 4241 3585 2925 2309 1815 1376 991 656 384 201 64 11 22 96 281 505 792 1157 1593 2016 2552 3224 3884 4579 5401 6229 7168 8100 9147 10283 11406 12625 14000 15394 16815 18395 19987 21591 23204 7 4 5 13 14 16 10 19 11 17 12 12 19 11 12 14 7 8 19 0 9 11 0
16 6 19 13 14 1 13 9 7 11 0 2 19 7 3 4 8 12 17 6 17 13 24045 22447 20802 19146 17616 16174 14687 13334 12053 10881 9746 8654 7653 6706 5765 5014 4244 3595 2933 2320 1817 1381 1002 660 396 211 67 78 88 91 273 491 777 1150 1590 2013 2542 3214 3878 4575 5395 6221 7155 8095 9136 10272 11400 12623 13985 15392 16814 18387 19975 21583 23194 2 16 10 0 17 17 3 3 19 16 18 17 11 15 4 14 8 1 18 2 11 14 17
8 19 3 5 3 17 9 12 15 4 10 6 3 10 1 10 16 7 10 14 8 14 24055 22453 20805 19156 17625 16176 14700 13337 12056 10884 9761 8659 7666 6719 5777 5018 4246 3609 2940 2322 1820 1390 1003 664 410 217 227 238 252 265 272 485 769 1138 1575 2010 2528 3212 3869 4569 5392 6208 7147 8083 9122 10259 11391 12612 13975 15380 16805 18383 19971 21568 23188 15 7 5 4 6 9 6 2 9 14 12 3 1 6 6 17 8 12 13 0 1 4 5
17 16 3 8 11 14 10 6 10 8 4 9 1 9 2 14 5 17 8 3 8 11 18 22457 20808 19158 17629 16181 14706 13351 12058 10891 9762 8661 7668 6722 5792 5025 4247 3610 2950 2329 1834 1402 1016 674 418 432 438 440 446 449 462 476 765 1127 1562 2005 2520 3199 3857 4567 5381 6198 7139 8074 9112 10248 11382 12611 13973 15378 16797 18381 19959 21558 23184 14 5 18 2 15 7 9 4 4 16 8 17 4 12 16 13 19 14 2 10 0 10 2
14 19 13 13 9 8 15 16 12 12 11 14 0 13 11 11 7 15 2 7 12 14 16 22460 20814 19172 17642 16195 14720 13354 12071 10900 9772 8676 7672 6723 5807 5034 4249 3618 2963 2335 1844 1410 1024 683 697 698 699 713 718 733 735 746 758 1126 1552 2004 2519 3198 3844 4559 5378 6183 7133 8059 9099 10242 11381 12610 13964 15364 16789 18380 19955 21552 23173 7 12 15 8 13 4 10 16 6 8 3 8 1 11 16 4 6 5 17 1 9 9 14
0 19 0 19 4 2 3 15 2 6 11 1 10 17 8 6 1 16 8 3 5 14 6 22461 20823 19182 17648 16197 14726 13360 12083 10901 9779 8686 7683 6738 5817 5039 4255 3625 2976 2337 1853 1422 1027 1038 1046 1049 1058 1059 1062 1072 1079 1089 1099 1113 1538 1997 2515 3191 3837 4553 5368 6175 7128 8049 9096 10229 11367 12604 13961 15352 16774 18370 19954 21537 23170 13 18 14 16 0 10 6 0 15 4 14 5 16 5 17 10 2 10 6 8 18 11 5
9 1 3 0 5 4 0 0 16 17 12 4 14 18 12 18 13 3 3 14 17 1 14 22466 20830 19195 17659 16198 14737 13375 12090 10910 9788 8698 7692 6742 5826 5040 4268 3631 2983 2343 1863 1427 1433 1435 1449 1454 1456 1470 1472 1484 1497 1511 1512 1521 1535 1987 2507 3181 3836 4549 5367 6161 7122 8034 9093 10227 11365 12600 13953 15341 16769 18363 19939 21524 23163 1 19 0 9 1 1 17 13 4 3 4 19 12 2 5 11 12 18 7 19 15 3 10
0 0 10 5 1 15 5 5 12 6 14 18 19 16 16 16 16 10 6 1 1 19 17 22477 20835 19202 17663 16200 14739 13384 12092 10916 9796 8711 7695 6753 5834 5053 4282 3646 2984 2358 1864 1865 1877 1887 1895 1909 1923 1936 1942 1952 1953 1961 1962 1969 1970 1978 2501 3174 3831 4535 5363 6150 7115 8030 9080 10215 11352 12592 13947 15329 16765 18351 19929 21523 23156 16 6 16 14 8 8 3 7 13 4 10 12 0 3 0 10 2 11 4 4 0 4 7
9 7 13 12 6 2 6 17 2 9 13 0 9 4 7 4 16 16 0 1 13 10 2 22489 20840 19205 17676 16209 14744 13388 12095 10922 9802 8715 7707 6766 5837 5065 4288 3650 2997 2362 2368 2369 2376 2386 2398 2408 2421 2431 2445 2449 2450 2463 2477 2485 2486 2488 2489 3173 3819 4530 5357 6135 7109 8022 9076 10211 11345 12588 13934 15322 16751 18338 19917 21518 23142 2 7 9 11 16 3 5 4 16 12 17 15 16 6 19 3 13 15 19 9 13 2 18
16 12 2 19 18 18 17 8 9 11 17 17 2 12 13 7 19 1 19 15 19 15 13 22494 20842 19213 17689 16215 14756 13403 12098 10927 9803 8721 7711 6768 5838 5073 4299 3658 3003 3018 3021 3030 3040 3051 3055 3068 3082 3094 3103 3111 3119 3129 3132 3145 3147 3148 3160 3161 3807 4523 5345 6122 7095 8018 9070 10205 11338 12582 13922 15310 16749 18329 19907 21504 23139 12 8 0 9 15 7 5 6 3 13 2 0 8 11 12 12 5 1 6 7 14 9 17
15 7 9 17 6 16 11 19 11 17 4 15 1 4 11 13 9 12 12 8 2 5 16 22504 20849 19217 17698 16219 14765 13416 12107 10934 9805 8730 7716 6777 5845 5087 4311 3660 3661 3673 3676 3678 3687 3691 3702 3704 3706 3711 3723 3732 3742 3747 3750 3759 3761 3771 3774 3781 3793 4511 5344 6116 7088 8003 9061 10202 11334 12579 13911 15296 16745 18322 19904 21493 23125 1 12 1 13 6 9 6 19 8 8 11 7 3 2 13 18 3 6 15 2 12 6 18
2 13 14 18 8 5 17 14 0 1 14 6 1 18 15 8 9 10 12 1 12 4 17 22510 20857 19221 17703 16232 14779 13425 12109 10942 9810 8743 7724 6781 5853 5101 4324 4329 4337 4345 4359 4372 4384 4398 4411 4416 4421 4431 4435 4446 4452 4461 4463 4472 4480 4495 4497 4503 4505 4509 5337 6107 7081 8002 9046 10196 11325 12565 13899 15294 16744 18320 19901 21489 23122 1 8 11 1 8 14 4 17 8 1 18 13 15 6 4 14 13 18 7 17 12 3 19
4 10 4 16 7 6 7 7 15 19 6 1 14 8 16 13 0 13 10 4 14 9 13 22513 20861 19225 17717 16234 14784 13438 12119 10951 9822 8748 7739 6793 5863 5106 5120 5126 5137 5146 5153 5167 5173 5183 5188 5202 5204 5211 5223 5227 5234 5246 5259 5274 5280 5290 5300 5304 5310 5317 5330 6103 7075 7989 9043 10181 11319 12561 13891 15286 16738 18314 19897 21486 23107 18 16 18 2 14 13 6 5 13 1 8 11 2 13 14 17 7 19 6 11 2 8 12
6 18 8 7 9 5 13 18 17 12 14 6 16 16 16 11 7 7 5 12 19 1 17 22527 20867 19232 17723 16241 14795 13447 12123 10965 9828 8758 7746 6796 5864 5871 5884 5890 5905 5913 5927 5937 5949 5954 5969 5971 5976 5984 5995 5996 6007 6015 6019 6032 6040 6046 6058 6060 6072 6081 6090 6101 7067 7982 9040 10176 11318 12546 13876 15272 16737 18306 19890 21474 23093 2 12 13 17 11 3 13 14 4 1 17 12 16 1 6 6 0 7 6 18 16 7 3
5 19 3 12 15 8 4 9 14 18 8 3 8 1 0 2 18 13 9 14 4 18 4 22538 20872 19246 17728 16248 14802 13461 12130 10968 9833 8771 7754 6810 6823 6835 6836 6843 6856 6862 6867 6882 6895 6902 6914 6921 6928 6938 6951 6959 6965 6980 6982 6992 6999 7005 7019 7033 7039 7049 7057 7062 7063 7977 9032 10171 11312 12537 13870 15266 16727 18296 19885 21472 23079 12 11 17 10 5 16 0 2 1 16 12 8 16 7 16 5 6 17 10 15 8 13 7
7 13 19 18 13 5 2 19 6 6 13 7 15 13 0 13 4 14 13 0 14 9 16 22539 20874 19254 17737 16256 14805 13462 12133 10975 9837 8781 7755 7759 7772 7773 7779 7793 7797 7802 7817 7830 7832 7833 7844 7848 7860 7867 7878 7888 7899 7910 7912 7920 7921 7926 7939 7940 7953 7960 7962 7963 7964 7969 9023 10162 11302 12530 13857 15261 16723 18286 19880 21462 23069 15 19 4 13 8 15 8 5 9 1 7 10 11 18 17 17 2 16 18 1 4 11 12
6 2 14 4 0 1 18 7 16 9 15 13 7 10 4 15 17 0 16 10 8 13 0 22549 20884 19267 17738 16262 14809 13464 12136 10979 9848 8784 8799 8803 8807 8811 8814 8818 8824 8829 8835 8841 8845 8855 8869 8881 8894 8899 8901 8911 8913 8925 8930 8933 8945 8949 8952 8964 8973 8983 8986 9001 9008 9009 9019 10151 11298 12529 13855 15253 16719 18280 19874 21455 23067 0 3 17 17 1 4 18 18 11 5 12 5 0 2 9 18 16 19 15 11 5 4 5
2 16 13 11 19 5 14 10 17 12 15 11 8 12 2 15 18 16 17 11 7 0 5 22551 20889 19268 17741 16275 14822 13468 12148 10983 9857 9866 9881 9891 9905 9917 9918 9932 9943 9950 9958 9961 9968 9969 9976 9984 9999 10002 10017 10025 10037 10042 10056 10069 10077 10084 10096 10105 10110 10113 10120 10121 10123 10130 10138 10145 11285 12515 13853 15246 16715 18274 19861 21448 23065 19 2 3 11 10 4 18 10 18 19 13 5 0 5 16 11 6 4 4 16 10 3 3
4 13 9 7 4 18 11 1 15 19 5 6 16 15 4 14 8 8 14 16 11 19 7 22559 20899 19280 17748 16285 14824 13480 12151 10987 10992 10998 11008 11020 11026 11033 11039 11045 11058 11072 11077 11080 11092 11107 11114 11115 11117 11129 11132 11134 11145 11155 11170 11182 11189 11193 11194 11201 11212 11225 11232 11247 11255 11265 11269 11273 11282 12509 13839 15241 16707 18267 19850 21434 23060 0 17 7 5 12 17 10 14 6 15 3 6 18 1 5 15 15 8 6 10 18 3 5
6 14 15 12 8 12 14 7 15 1 10 17 7 1 4 17 8 6 4 12 0 6 15 22566 20911 19295 17749 16287 14831 13486 12163 12178 12191 12195 12203 12205 12210 12213 12224 12234 12236 12242 12255 12260 12263 12276 12282 12289 12296 12304 12308 12318 12332 12343 12358 12370 12385 12399 12414 12417 12421 12435 12442 12455 12462 12471 12480 12494 12495 12503 13837 15234 16702 18263 19835 21432 23049 6 18 8 14 9 10 19 13 19 12 18 10 11 19 17 13 14 14 16 7 14 9 1
5 3 13 8 14 9 11 19 11 14 1 19 15 7 10 3 5 12 8 15 16 13 2 22569 20916 19305 17756 16301 14841 13499 13511 13513 13522 13523 13530 13537 13541 13547 13557 13562 13577 13589 13590 13600 13605 13618 13628 13639 13648 13650 13655 13657 13670 13680 13693 13704 13719 13730 13740 13750 13758 13768 13773 13783 13788 13789 13793 13805 13817 13822 13826 15229 16688 18251 19822 21430 23042 17 18 5 19 7 9 12 10 2 18 19 5 14 4 19 17 12 3 16 13 11 2 10
1 17 11 5 13 11 6 13 4 9 5 8 5 0 15 16 9 4 18 4 11 14 1 22572 20917 19314 17759 16303 14845 14855 14859 14869 14877 14884 14893 14904 14919 14933 14938 14941 14956 14962 14968 14976 14988 14996 15002 15016 15022 15024 15030 15038 15053 15054 15067 15080 15090 15095 15098 15105 15108 15114 15119 15131 15143 15157 15171 15180 15194 15199 15211 15223 16682 18243 19814 21428 23027 12 16 13 2 16 3 5 15 3 2 18 18 3 10 8 5 6 5 0 16 4 2 7
12 15 3 11 12 3 9 7 13 15 19 11 11 6 0 7 9 1 14 1 1 12 11 22583 20928 19317 17769 16308 16311 16314 16320 16326 16331 16340 16344 16347 16354 16363 16375 16381 16393 16408 16415 16421 16434 16437 16438 16441 16454 16459 16460 16472 16483 16491 16500 16511 16525 16528 16540 16555 16563 16577 16588 16603 16607 16618 16626 16636 16647 16655 16662 16667 16681 18231 19801 21417 23015 5 19 11 6 11 0 10 9 3 18 17 8 7 10 19 16 2 3 4 12 16 8 7
13 7 1 3 0 11 2 5 4 19 13 6 16 8 8 17 7 13 18 8 18 4 2 22593 20942 19318 17776 17786 17794 17798 17806 17821 17835 17850 17861 17873 17878 17890 17904 17917 17923 17932 17939 17940 17942 17957 17971 17984 17997 17999 18010 18021 18031 18038 18049 18055 18059 18074 18085 18092 18096 18108 18121 18123 18134 18139 18147 18155 18162 18168 18181 18193 18208 18219 19791 21404 23013 4 9 19 19 0 15 8 2 2 16 18 12 3 11 8 14 9 13 14 10 4 2 0
18 9 10 2 10 19 12 16 5 7 6 10 4 8 13 6 19 4 6 8 4 5 13 22607 20943 19319 19331 19345 19358 19372 19379 19386 19401 19416 19418 19425 19439 19445 19449 19461 19470 19482 19492 19501 19512 19521 19524 19537 19552 19557 19570 19575 19584 19589 19600 19608 19616 19631 19638 19644 19653 19655 19659 19668 19678 19685 19692 19704 19714 19728 19742 19756 19767 19777 19785 21395 23000 18 17 5 19 8 16 3 1 15 15 5 0 10 13 3 0 13 1 16 8 2 0 9
16 14 11 18 3 11 15 3 16 15 18 6 19 10 0 7 18 9 10 4 0 3 9 22618 20944 20948 20957 20962 20974 20984 20990 21000 21014 21029 21034 21042 21053 21068 21082 21090 21096 21100 21115 21116 21127 21138 21151 21161 21167 21179 21181 21196 21204 21212 21226 21237 21247 21251 21265 21280 21283 21290 21299 21311 21315 21323 21338 21345 21350 21363 21367 21375 21379 21383 21387 21394 22991 7 10 15 2 11 12 12 5 11 9 8 17 0 15 17 5 8 16 7 3 12 4 15
10 2 16 1 5 4 11 15 10 6 16 9 16 8 12 5 9 15 9 4 6 1 8 22622 22628 22639 22647 22650 22658 22666 22667 22672 22685 22691 22694 22697 22700 22711 22713 22718 22725 22728 22739 22746 22760 22765 22767 22770 22777 22783 22788 22796 22805 22818 22819 22834 22848 22849 22857 22862 22865 22878 22887 22896 22906 22907 22921 22922 22927 22929 22938 22940 22944 22947 22961 22967 22982 5 17 4 10 1 17 9 0 4 3 11 17 9 18 3 5 17 5 8 15 6 13 16
9 6 1 6 17 15 6 10 19 6 10 10 19 15 13 14 5 11 2 2 3 16 6 6 19 4 11 6 6 5 15 11 9 12 11 7 6 17 17 8 8 13 19 19 14 1 19 10 18 10 8 14 2 9 2 15 3 17 1 0 8 19 18 15 16 2 10 0 12 7 11 9 12 6 17 19 9 14 17 11 18 1 4 11 13 12 17 2 17 1 4 4 9 5 2 15 19 1 8 11
14 15 17 4 6 3 18 2 2 15 9 8 18 5 6 1 5 0 4 11 12 8 6 8 9 15 4 15 14 0 13 6 10 17 18 13 9 17 5 12 18 7 10 17 10 18 6 4 18 5 10 18 17 5 14 15 7 16 14 15 17 4 15 3 6 17 7 13 2 19 11 9 5 19 1 14 14 15 17 8 12 4 11 7 4 4 13 8 4 17 11 3 4 1 8 1 19 14 3 2
1 19 18 14 2 7 5 15 5 13 14 14 14 5 11 18 5 15 17 9 0 13 8 19 18 14 11 0 10 8 14 1 1 1 5 9 15 18 18 12 13 7 17 0 2 11 11 0 19 15 5 13 3 1 15 15 9 19 5 12 0 4 16 14 8 10 0 7 14 12 8 13 12 10 19 16 18 3 14 3 0 11 18 0 17 17 19 7 11 18 1 13 16 14 14 6 0 6 8 9
16 7 0 10 15 14 19 16 19 9 12 8 10 0 19 2 1 4 1 19 9 12 3 15 0 1 7 3 14 0 0 13 1 5 5 19 6 2 9 18 5 7 6 4 10 9 4 19 1 2 3 11 2 16 3 18 6 10 15 11 6 13 8 5 9 6 12 12 8 15 6 8 16 4 15 13 12 0 13 19 3 8 3 8 12 16 2 10 0 16 7 0 8 12 9 12 15 19 11 2
7 12 5 16 15 18 3 5 11 6 19 7 12 10 9 12 5 4 11 19 3 16 14 12 3 6 2 5 5 11 16 11 17 1 10 17 7 14 7 7 1 2 17 9 0 11 3 12 2 9 11 9 14 5 12 6 5 2 15 10 13 3 11 13 11 4 10 14 0 3 2 10 4 16 4 6 10 16 11 17 15 19 8 5 15 12 18 18 16 17 16 10 4 7 6 6 5 3 16 1
2 6 4 16 13 14 10 6 3 9 9 17 0 9 17 17 16 13 14 3 1 3 2 1 18 2 11 0 7 6 12 17 1 6 6 8 4 9 9 6 8 1 7 2 13 4 3 3 18 19 15 7 8 19 0 15 14 9 14 1 8 2 2 14 5 4 6 2 13 16 9 4 11 4 11 7 17 19 4 1 1 18 2 9 4 14 3 4 14 15 17 3 17 11 11 16 5 3 15 6
11 17 16 18 12 19 13 4 13 11 10 13 9 0 9 9 3 3 10 8 0 9 2 9 2 16 18 15 18 0 14 4 16 4 4 7 13 14 15 0 13 19 16 17 2 18 7 7 3 15 5 11 5 14 12 11 15 1 0 4 16 19 1 0 14 10 9 14 8 0 15 13 17 8 19 7 3 3 1 0 5 13 12 5 1 11 4 17 8 0 4 17 15 19 3 2 18 11 13 5
3 14 12 14 1 6 17 18 13 5 17 10 1 6 4 11 7 12 1 3 5 19 10 3 19 5 12 7 16 2 2 19 4 11 11 19 12 16 14 2 8 0 17 2 11 9 16 7 13 12 11 1 5 10 2 18 7 8 13 17 15 4 7 0 4 8 2 8 0 14 4 10 16 1 13 16 6 15 0 2 5 0 2 7 5 2 17 11 8 9 13 17 1 0 13 0 2 13 16 17
11 1 13 0 17 12 3 1 19 0 9 9 0 3 7 9 5 10 6 8 6 3 1 8 0 11 11 7 12 13 2 7 2 5 16 11 10 12 13 7 14 7 14 6 2 18 9 15 1 15 17 7 13 15 11 16 1 9 9 1 12 16 6 12 4 10 14 8 0 2 7 8 11 1 7 11 15 8 5 6 5 1 19 2 17 17 17 3 0 1 15 6 15 3 3 13 7 11 13 1
3 1 7 6 14 17 17 15 2 18 17 4 12 11 7 7 13 16 19 11 8 7 14 10 13 6 1 19 9 4 11 7 3 18 15 7 15 0 19 9 1 4 7 2 15 10 13 9 10 8 19 6 11 4 17 9 2 4 13 12 19 10 4 2 4 0 7 2 17 17 17 15 2 13 11 17 14 13 9 12 17 10 7 11 7 8 8 12 9 18 2 6 17 17 15 14 1 4 17 3
17 5 12 12 6 9 7 11 17 1 4 0 12 2 14 2 9 6 0 1 12 11 8 15 15 0 0 16 12 14 11 17 7 0 15 12 5 6 17 6 16 6 13 16 7 0 9 11 1 3 12 5 9 8 12 13 1 15 19 14 11 17 16 10 3 1 2 15 14 5 5 1 11 15 1 2 0 10 3 5 15 11 17 13 9 1 13 14 18 0 17 14 3 13 5 9 17 1 9 9
15 13 9 7 13 0 11 14 13 19 0 18 2 13 17 16 4 17 11 12 7 13 1 10 0 12 5 18 4 11 17 18 18 11 7 18 3 18 11 2 19 13 12 2 19 1 10 13 17 17 3 2 8 10 7 0 1 7 16 5 13 12 1 2 4 2 14 17 13 9 1 7 14 4 16 3 11 8 15 10 14 0 11 4 5 4 7 19 0 5 14 6 16 7 6 17 1 4 3 0
7 16 14 5 2 18 19 6 16 10 17 2 9 15 18 14 10 15 18 7 11 4 8 14 1 13 10 8 12 17 17 15 12 8 17 0 11 0 14 19 6 10 7 4 19 5 13 16 2 2 8 3 15 12 5 3 4 2 7 13 11 15 0 2 18 16 7 17 12 9 15 2 11 5 5 14 0 11 6 10 19 17 11 13 4 10 1 14 12 5 9 9 0 19 0 9 3 17 6 6
2 10 8 8 13 10 4 15 4 4 0 12 11 13 5 16 13 2 13 16 11 6 14 9 12 11 14 0 12 3 8 5 9 6 5 15 17 14 6 15 10 9 19 6 11 14 5 12 8 15 8 19 19 6 12 15 15 3 13 11 17 5 1 16 1 11 8 13 11 12 6 6 3 18 12 1 2 0 8 17 7 6 6 5 1 13 7 9 17 3 6 15 1 3 3 13 10 5 11 12
11 17 17 16 4 6 2 3 14 2 16 7 11 18 16 0 8 18 5 6 17 2 19 18 14 7 0 6 15 13 6 14 1 13 17 10 15 2 2 5 13 0 3 15 0 4 1 18 18 18 12 13 17 8 10 9 14 18 15 17 14 3 19 6 0 3 5 14 16 17 6 16 0 11 17 11 14 7 13 6 9 1 4 0 15 18 3 1 10 3 17 9 5 6 8 7 6 8 5 17
13 8 0 2 7 3 17 8 0 0 5 3 18 10 19 14 4 8 16 0 14 0 17 2 5 19 8 11 9 7 2 12 16 6 12 5 10 3 7 3 3 11 4 11 5 13 19 19 19 13 19 16 14 13 11 8 1 13 12 1 6 5 15 17 2 8 8 15 5 7 19 10 12 11 6 1 2 3 3 7 10 18 12 0 13 19 12 19 15 9 7 1 0 5 12 9 11 10 14 6
15 1 14 19 8 17 4 13 5 16 12 14 19 18 5 7 0 2 2 15 13 6 13 11 17 16 14 5 11 15 17 1 1 15 11 16 14 0 0 7 17 19 12 4 16 2 4 7 19 13 11 16 16 9 15 15 3 18 0 8 2 4 6 0 7 5 6 15 1 5 4 7 8 9 14 5 7 5 16 19 10 8 19 6 4 14 15 17 11 14 6 9 11 4 0 7 9 12 4 19
0 7 4 13 16 13 3 5 16 4 2 3 17 17 1 5 13 0 7 5 9 0 1 6 3 0 15 2 7 7 15 19 4 3 15 2 13 12 9 9 5 15 17 15 8 1 17 2 19 0 7 3 13 2 12 2 15 15 8 5 16 12 2 13 9 16 17 16 13 14 7 7 1 9 13 3 10 19 3 7 5 5 6 16 19 17 3 1 16 10 9 12 14 12 18 0 3 7 14 8
15 6 13 0 11 19 2 19 12 1 4 17 0 8 4 2 2 4 2 15 1 12 0 3 19 9 5 4 14 4 3 3 2 16 4 9 12 0 13 7 14 11 19 13 0 12 5 3 11 1 6 4 9 2 9 6 12 19 18 1 1 10 11 7 15 10 3 8 8 1 5 16 0 10 0 13 17 2 10 5 14 0 6 12 19 8 3 5 8 18 6 19 6 14 2 18 18 1 10 15
3 1 10 16 14 2 4 15 15 2 18 2 7 18 19 19 8 17 2 13 17 0 11 2 3 7 9 10 15 16 2 1 8 9 5 12 19 2 6 6 13 19 1 12 10 15 0 9 4 6 2 8 1 4 16 6 5 6 11 13 5 12 6 9 4 16 17 13 0 15 18 9 5 17 7 17 10 18 9 2 11 18 0 11 17 8 10 0 3 10 4 10 6 8 6 9 12 7 15 17
6 12 13 18 5 2 17 12 4 12 10 3 0 18 3 7 5 9 7 18 3 12 5 0 8 2 2 0 18 10 5 10 14 18 17 12 14 7 19 12 5 16 8 6 9 1 7 10 17 6 18 1 11 4 17 5 8 14 7 6 6 8 1 18 19 1 1 11 16 7 7 19 18 3 10 1 16 16 5 6 13 19 11 2 4 1 12 16 18 14 4 15 6 18 14 15 8 4 14 11
2 8 3 12 6 16 0 14 18 11 8 14 12 2 19 11 6 8 6 9 5 19 14 7 12 19 17 0 4 3 2 0 9 18 14 3 8 0 19 7 7 17 12 14 7 1 1 6 5 8 0 4 3 7 4 14 2 0 13 4 16 19 12 10 2 10 5 4 3 14 18 2 18 2 5 5 10 12 1 2 8 10 5 1 6 6 18 8 10 17 10 5 8 0 4 9 3 8 10 11
12 12 1 1 5 0 12 1 1 4 16 14 1 9 14 16 3 0 4 1 16 5 9 18 12 1 11 14 8 7 8 1 7 11 17 11 14 0 4 17 16 4 4 4 2 2 17 14 18 11 19 2 18 0 13 19 19 19 0 19 3 15 12 0 8 13 17 7 10 9 2 17 2 6 0 3 12 8 4 9 6 18 14 17 10 3 10 8 15 5 0 9 10 18 4 9 6 14 9 7
