50
18 13 0 6 14 13 17 0 15 12 0 7 15 6 1 8 1 8 15 16 5 9 12 16 15 2 3 2 1 2 12 8 18 8 17 14 10 10 15 19 9 15 3 0 19 19 5 11 1 1
12 13 13 9 7 2 13 3 0 14 18 4 3 9 12 4 9 10 5 7 14 7 6 16 3 0 19 10 8 10 11 5 1 10 3 9 15 18 19 6 2 15 7 16 13 8 15 19 13 10
2 5 1 5 7 7 9 14 11 17 18 5 17 18 18 4 12 3 8 4 1 3 10 4 1 7 17 12 11 3 1 3 1 5 1 5 10 15 1 2 12 11 15 15 13 18 19 2 8 14
2 7 5 18 4 10 19 14 4 3 5 18 4 1 10 13 3 14 10 6 7 5 5 16 10 9 18 3 15 17 9 10 4 8 17 14 0 12 13 15 14 1 16 6 4 15 2 19 1 12
4 19 19 3 7 16 5 18 17 8 19 17 17 11 16 15 0 1 13 12 16 0 15 7 4 14 19 10 16 1 11 9 10 14 12 11 9 7 10 19 13 13 3 1 3 5 16 19 15 19
8 18 3 19 15 1 13 6 2 18 8 1 19 18 11 3 3 14 3 9 2 7 2 1 7 6 11 17 13 0 16 10 2 15 6 10 17 2 0 9 5 14 3 2 15 6 0 18 8 11
5 7 5 7 9 2 3 7 2 17 19 3 6 3 8 11 10 16 18 7 16 5 11 2 19 15 16 11 15 4 11 3 8 15 10 19 12 11 3 13 15 2 9 0 14 18 5 17 13 13
10 3 10 13 2 11 11 10 18 1 18 7 12 18 19 2 3 10 2 8 2 15 15 8 1 2 14 19 8 18 2 17 1 7 9 5 0 13 4 10 1 5 13 4 2 3 2 9 14 9
12 14 9 10 4 4 9 18 5 3 12 13 10 11 7 11 9 18 18 3 12 19 13 3 2 8 3 14 10 2 0 11 12 11 0 17 16 16 18 0 15 8 18 19 15 17 3 2 2 2
0 10 2 13 1 6 8 17 17 12 18 7 9 5 9 12 19 1 3 10 8 11 9 12 10 12 4 7 15 8 1 10 10 17 11 16 19 3 0 13 17 13 10 14 13 2 3 1 10 2
7 17 11 3 10 17 0 3 6 3 1 19 5 6 11 5 1 0 9 17 3 10 18 1 15 1 7 11 7 19 4 19 18 0 10 1 18 5 0 8 19 2 18 0 18 15 1 14 7 13
16 1 6 18 10 18 16 15 17 11 0 48 47 46 15 5 6 1 14 19 13 8 13 12 13 13 17 3 10 11 14 8 7 18 9 8 19 7 9 11 9 15 18 9 16 19 3 3 11 14
1 14 5 7 16 13 4 6 13 8 3 63 4 39 8 9 10 11 14 10 7 3 4 19 14 15 6 18 9 18 9 9 7 0 18 4 15 6 9 3 6 12 0 10 16 15 1 6 11 9
7 3 5 10 10 6 15 1 8 2 17 68 17 30 12 12 5 8 6 9 18 3 5 5 0 5 18 1 15 0 7 13 14 11 15 16 14 1 17 10 14 10 16 11 0 15 5 2 5 18
13 12 17 18 5 2 17 12 19 7 6 73 11 15 19 18 9 5 14 19 5 12 15 2 12 13 0 18 17 2 8 3 17 5 14 1 18 2 9 16 18 19 18 1 6 3 17 15 4 1
0 1 2 2 8 15 4 16 17 7 13 4 4 19 1 18 3 8 17 19 17 1 11 4 3 15 12 9 1 15 15 16 17 19 0 12 13 1 9 8 7 18 4 4 14 13 5 18 10 2
9 4 9 18 3 5 0 4 13 5 12 5 7 7 17 4 4 10 14 11 1 5 14 10 2 18 6 18 1 4 17 16 14 9 8 7 13 8 6 2 18 0 19 18 10 4 19 16 8 12
18 14 7 19 14 0 7 14 8 1 18 2 2 1 4 6 16 9 13 8 1 13 6 4 5 2 2 0 1 0 3 18 7 13 3 11 14 15 16 1 12 11 19 11 18 10 4 7 7 4
11 1 9 18 1 10 13 12 15 0 13 12 2 16 3 13 6 11 15 8 12 1 9 3 9 7 12 11 13 12 10 19 12 7 14 5 0 3 2 9 7 18 0 11 11 14 7 14 3 9
9 6 7 16 12 10 19 6 2 3 0 13 5 11 19 6 7 9 2 17 5 16 8 12 14 6 13 0 19 11 18 7 16 18 14 0 13 7 9 16 2 2 7 3 0 7 13 10 17 3
16 14 6 17 14 0 11 12 4 14 6 13 4 15 0 12 0 11 16 19 3 17 9 1 5 12 14 4 1 3 4 6 8 8 17 10 3 4 14 6 17 1 18 11 12 11 12 3 1 11
1 10 18 9 11 0 19 17 17 14 15 1 16 7 8 13 9 13 1 3 9 16 3 7 5 2 10 17 1 7 10 6 7 11 17 5 4 18 11 7 15 12 11 17 5 13 11 0 0 10
15 0 10 17 18 6 4 9 11 4 8 10 18 19 19 7 9 19 19 16 0 16 13 18 10 13 6 9 14 12 0 14 14 13 6 9 11 8 19 1 1 8 6 13 5 10 9 1 0 8
2 2 6 18 19 17 7 18 9 3 0 15 6 13 9 17 17 14 13 15 18 13 3 13 6 11 0 14 17 14 12 17 11 15 17 12 12 17 10 13 16 10 9 8 9 6 4 0 2 9
0 13 12 2 14 7 7 14 5 13 11 13 13 4 3 15 2 1 6 9 8 8 4 11 14 15 7 13 0 2 7 17 17 0 2 0 0 18 16 14 15 10 11 15 17 3 2 7 9 11
11 14 0 13 13 1 5 8 3 0 15 11 10 12 15 11 0 14 0 6 14 8 19 5 16 12 2 744 737 736 726 714 706 691 685 677 668 1 13 19 12 4 11 15 4 10 6 6 18 1
3 3 1 0 15 18 19 3 8 9 8 14 13 19 9 6 19 17 17 2 15 12 3 12 8 3 13 754 464 455 444 443 431 427 418 410 660 10 8 16 5 5 3 9 15 13 5 4 18 5
0 13 5 0 8 14 13 5 8 1 12 16 10 12 2 1 6 15 0 11 7 17 3 8 13 15 11 759 471 249 243 234 232 222 214 397 657 18 6 6 11 3 8 7 19 4 4 13 15 4
14 2 7 7 5 6 6 9 0 17 10 19 18 16 17 3 2 0 11 5 3 15 16 15 4 6 8 768 482 263 101 90 78 74 212 389 656 19 6 14 6 3 2 11 0 15 18 7 10 10
13 7 13 14 16 12 10 1 1 6 5 13 4 9 15 3 14 13 7 7 0 19 1 5 14 0 0 774 492 278 104 28 21 71 197 384 654 11 5 8 18 8 10 12 4 14 3 13 16 7
6 6 1 4 18 11 6 5 19 16 8 7 11 19 11 6 17 6 13 7 1 12 7 19 4 17 1 783 503 289 113 29 8 65 190 370 649 18 5 19 4 14 4 19 9 14 15 3 12 11
17 14 3 11 19 10 17 3 18 4 12 6 9 8 17 17 4 8 7 8 13 2 11 9 13 17 14 790 515 300 127 36 41 56 178 368 644 10 13 14 9 14 14 13 9 18 5 13 18 11
12 3 8 9 8 5 11 0 6 11 8 1 18 17 7 2 18 2 3 6 6 9 16 5 11 3 18 804 524 305 141 147 152 154 169 364 631 3 1 5 18 9 5 14 5 7 4 4 16 17
7 15 2 6 8 18 19 11 9 18 10 15 10 12 9 16 10 12 2 9 12 16 17 13 16 10 5 814 538 312 316 328 341 350 359 361 624 8 11 5 18 16 19 4 16 6 2 18 8 1
6 8 17 8 19 7 9 0 5 8 2 6 19 17 11 7 5 11 6 4 14 9 9 16 1 5 5 821 546 561 571 578 587 598 599 606 616 15 3 17 10 7 15 2 13 0 14 9 8 15
8 10 0 19 17 7 14 4 17 5 19 12 13 12 2 3 11 9 17 13 0 4 3 17 8 10 8 8 1 12 17 4 19 1 9 3 16 12 0 7 12 10 0 15 3 15 17 17 14 14
13 13 18 6 4 14 15 9 12 4 4 12 4 2 15 13 2 13 4 0 2 13 17 2 10 17 17 6 11 17 5 16 17 19 10 18 5 7 4 12 5 16 15 8 18 2 8 15 2 17
6 7 13 13 5 6 9 4 14 5 19 6 9 12 19 15 16 1 7 18 13 7 12 16 9 1 10 10 14 15 6 3 6 4 16 17 16 13 9 11 4 17 5 0 10 5 5 18 8 6
9 8 1 5 16 0 16 10 4 7 8 16 4 0 3 4 11 0 10 4 3 6 1 10 5 6 8 16 7 6 17 18 19 14 15 11 10 12 18 16 17 10 7 7 14 6 2 2 19 6
15 6 14 10 6 19 16 2 19 1 12 16 4 17 10 18 12 4 1 0 0 3 16 1 7 19 8 10 12 19 18 19 7 4 7 17 15 13 9 11 2 19 16 1 1 14 9 18 16 9
17 4 18 2 5 18 12 5 16 1 19 3 7 11 13 2 0 16 8 19 9 13 19 11 11 3 4 18 12 4 19 1 14 13 19 14 9 15 2 1 16 17 12 5 11 18 10 7 15 7
4 2 19 1 8 4 14 8 1 12 8 14 16 17 13 1 5 18 15 14 12 6 16 4 6 1 4 0 14 16 16 7 5 18 11 1 5 11 11 19 0 17 16 3 4 4 5 17 2 6
15 6 12 9 6 5 3 12 1 6 13 4 9 10 5 6 5 10 16 15 13 3 12 16 16 10 16 12 10 10 15 12 10 15 16 1 0 4 9 14 10 2 6 16 4 10 17 2 6 16
8 5 1 10 10 2 1 13 18 14 13 15 0 18 7 0 5 3 5 16 13 10 12 9 19 3 17 9 13 19 13 0 12 5 1 11 18 3 13 7 14 16 17 11 9 4 6 11 2 18
2 15 7 17 18 4 2 10 6 5 0 5 6 0 17 2 4 14 4 10 15 0 6 6 2 16 13 11 7 15 5 15 14 8 19 19 8 1 12 17 17 9 12 11 18 2 19 17 19 19
0 0 16 4 12 15 13 5 1 19 7 8 4 9 1 19 8 7 19 6 9 15 6 4 7 14 4 8 6 5 1 14 9 8 18 7 13 4 5 17 17 15 1 3 13 17 19 16 15 13
14 10 12 4 19 8 10 14 12 16 1 15 6 11 0 15 0 14 18 17 10 18 1 7 2 18 10 11 1 19 1 10 13 12 3 2 2 8 1 18 7 5 6 2 6 14 17 4 3 7
0 5 4 3 17 13 8 10 15 6 18 12 16 18 1 2 16 6 2 4 3 10 12 10 15 11 10 15 8 0 1 3 18 12 8 4 5 7 2 3 18 19 11 16 12 12 1 3 8 15
16 16 18 19 3 5 17 6 9 15 17 7 0 10 2 15 9 13 0 13 17 6 1 5 2 5 19 5 13 15 15 3 6 16 8 5 12 1 0 2 16 8 19 16 12 5 18 18 16 6
11 16 7 1 2 5 2 4 19 12 17 10 0 14 19 0 18 11 0 10 11 7 13 15 16 19 15 10 16 16 12 3 6 7 15 2 15 6 16 6 17 18 6 4 5 5 8 0 0 14
