50
16 18 3 7 9 15 5 10 12 17 18 1 12 17 17 0 7 11 17 13 11 7 3 8 2 8 18 2 12 17 17 5 13 16 8 14 11 11 7 12 12 9 12 17 7 5 11 11 3 1
10 12 4 18 14 13 14 9 12 7 15 17 8 15 17 11 8 4 17 6 0 6 2 5 5 1 12 18 14 14 14 13 18 18 5 19 11 13 7 19 19 17 5 6 0 18 17 1 5 0
19 9 16 3 12 10 14 18 19 8 13 0 4 14 7 10 6 12 15 17 14 0 13 3 0 19 18 8 16 5 13 15 5 6 10 12 0 6 19 0 17 0 14 3 1 6 7 1 8 12
14 1 5 14 10 10 14 18 19 6 2 7 14 8 8 10 4 12 14 7 0 14 5 4 3 19 6 8 4 3 10 15 0 8 18 3 4 5 18 14 10 19 3 19 5 0 11 14 0 8
8 12 0 9 3 2 5 1 14 0 10 19 12 1 4 15 12 13 14 1 9 15 6 5 4 17 9 10 18 0 11 0 4 16 17 8 16 16 8 9 10 6 7 14 14 18 8 13 0 11
3 6 18 9 18 16 0 17 12 3 2 2 16 19 1 1 5 4 15 12 4 18 13 14 9 19 17 18 14 7 5 12 8 11 17 0 11 1 8 19 0 19 10 11 13 6 12 6 1 0
16 16 5 5 3 16 2 19 4 9 11 8 7 18 17 1 10 12 9 0 11 11 14 13 10 2 13 8 4 15 13 9 4 2 14 17 0 12 4 9 8 3 3 17 7 0 6 3 18 18
0 12 17 5 6 9 10 17 15 10 17 12 17 3 10 5 12 19 17 14 8 14 3 1 13 14 4 18 10 10 8 16 4 1 18 5 8 0 7 15 8 15 15 5 0 9 14 1 15 15
17 11 1 10 7 1 15 14 18 8 11 1 16 15 12 17 11 3 8 14 9 12 16 4 19 6 11 7 12 5 3 16 1 13 9 12 8 12 19 10 17 18 15 17 19 12 5 9 11 8
1 11 6 12 6 4 0 11 18 19 13 19 12 18 7 1 2 0 16 7 2 5 2 0 19 14 4 9 3 8 18 14 16 17 0 19 12 8 7 4 9 6 16 10 1 19 13 16 13 11
1 12 16 8 8 19 15 19 15 4 18 4 5 15 9 11 14 5 4 0 15 1 4 11 6 15 19 0 3 16 14 17 19 9 17 2 3 17 18 16 17 11 2 9 7 17 0 7 9 6
3 11 8 15 11 4 18 12 18 12 15 54 68 70 8 5 4 12 16 15 18 2 17 16 18 4 4 18 5 13 15 14 13 14 18 0 9 1 12 18 6 0 3 3 17 12 6 11 19 9
10 10 17 1 15 14 16 1 17 5 3 46 7 83 18 16 14 14 7 15 0 1 3 15 14 10 8 6 17 5 12 10 14 12 12 4 16 1 2 19 17 9 12 10 18 4 6 10 3 15
17 2 7 17 9 3 13 11 12 6 11 34 20 88 2 3 15 8 15 17 5 7 4 4 2 13 14 13 4 19 9 13 7 1590 1598 1609 1612 1619 1622 1623 1633 1638 1640 1648 1662 1672 1678 1679 6 9
0 1 0 0 7 1 1 1 18 9 125 116 106 95 8 1 7 5 10 4 16 7 14 5 5 1 8 15 15 4 4 10 15 1586 1198 1201 1206 1210 1220 1230 1234 1235 1240 1245 1252 1266 1270 1692 5 9
10 16 9 18 3 9 1 19 17 14 4 15 2 7 13 2 2 16 2 5 19 11 11 11 4 13 0 2 3 10 9 17 11 1583 1184 831 840 851 853 861 868 881 893 897 905 913 1273 1700 16 18
18 8 16 7 3 17 13 12 15 16 8 15 19 3 8 10 4 10 4 0 17 12 14 4 17 8 15 4 12 16 11 17 6 1570 1178 823 517 531 541 554 565 574 587 590 600 928 1287 1711 2 3
15 7 17 15 15 14 10 3 0 3 16 14 7 18 9 4 12 4 14 6 1 10 14 15 2 0 19 6 10 10 4 18 16 1562 1164 814 504 310 316 330 340 347 349 359 608 937 1294 1719 3 4
12 0 11 17 18 1 14 11 0 10 18 7 9 11 10 6 15 11 1 8 15 5 7 8 5 6 13 9 5 1 15 7 14 1548 1162 799 495 297 166 169 181 184 185 367 623 944 1297 1733 0 11
10 17 11 4 12 1 17 15 3 11 18 18 6 8 1 11 0 8 9 2 18 19 13 19 8 1 17 0 13 10 6 7 6 1535 1151 787 491 286 153 49 58 61 190 374 625 949 1308 1736 10 13
4 16 14 3 1 3 19 14 4 8 13 11 0 17 17 5 12 11 6 8 15 5 14 3 18 7 16 7 11 2 4 10 1 1521 1144 785 485 285 144 36 7 69 191 380 627 961 1313 1750 0 2
19 7 6 2 11 10 13 11 4 4 18 4 8 18 3 12 18 7 13 14 2 5 4 1 15 19 13 16 3 3 14 2 11 1520 1138 781 474 271 130 33 19 84 196 384 642 975 1325 1758 13 17
12 10 15 11 9 6 1 14 4 15 7 10 17 9 4 2 6 18 11 4 5 12 1 13 10 18 12 17 19 1 16 4 9 1505 1132 779 471 264 123 122 112 98 205 390 650 976 1329 1771 19 2
18 11 14 2 14 2 7 9 17 16 9 4 11 4 13 19 15 7 17 0 5 10 6 16 6 1 19 8 15 15 11 3 14 1496 1117 771 461 259 247 241 228 216 207 402 659 979 1344 1775 11 10
0 8 12 1 10 17 2 15 18 8 15 12 17 13 18 14 10 19 6 11 4 9 18 8 17 17 12 5 15 13 15 2 14 1492 1107 756 446 442 439 432 422 419 418 408 664 980 1350 1788 1 19
13 0 18 13 11 14 3 4 19 14 18 14 4 11 3 14 19 4 15 0 14 12 12 11 18 1 9 8 2 19 19 13 9 1479 1106 753 748 737 723 718 710 701 687 677 671 991 1363 1797 12 11
16 2 2 11 3 11 5 8 6 13 2 6 4 13 12 4 1 0 14 11 7 13 19 2 18 14 12 3 4 16 10 1 13 1465 1101 1098 1083 1077 1070 1055 1050 1040 1028 1016 1011 999 1378 1812 0 17
11 3 17 12 5 5 8 18 15 2 12 2 14 6 6 3 3 10 1 7 11 8 11 10 10 9 5 12 14 19 10 14 16 1462 1447 1436 1427 1425 1424 1423 1408 1407 1403 1398 1396 1381 1379 1814 19 0
19 7 5 5 7 11 0 17 5 10 6 8 17 10 15 3 0 2 12 5 10 8 0 7 5 0 4 6 2 9 7 3 16 15 4 18 13 8 14 18 7 6 15 1850 1842 1837 1829 1823 10 9
9 1 11 15 18 6 14 17 1 2 12 14 13 4 17 7 14 8 6 14 14 9 1 1 3 2 4 19 9 8 13 8 18 7 1 19 1 7 7 11 12 13 19 15 18 13 4 19 16 2
13 6 18 13 7 5 4 11 12 12 9 6 18 19 3 16 3 0 12 1 15 16 10 14 2 18 10 6 16 15 6 6 18 6 10 11 3 4 15 18 0 8 7 16 19 7 16 19 6 10
17 9 14 14 1 2 17 1 17 15 5 19 3 5 18 16 12 11 11 12 4 4 8 15 16 5 11 2 5 10 0 13 18 10 9 19 13 0 5 15 18 19 16 8 9 17 16 3 7 16
7 19 18 17 9 5 8 5 7 1 1 1 4 13 12 5 7 13 8 1 1 11 7 6 8 12 10 2 16 18 2 14 9 11 7 4 6 10 19 18 5 1 9 9 18 19 2 9 4 10
8 16 17 3 10 1 9 9 7 7 11 3 6 10 15 10 9 2 19 15 4 14 0 0 5 6 7 5 14 19 8 5 18 18 18 6 8 4 16 1 0 1 4 13 19 16 12 19 5 14
5 14 13 17 12 16 5 11 10 4 14 19 12 18 14 7 3 16 12 18 4 2 1 8 19 4 5 7 17 10 11 9 15 16 16 0 10 16 0 17 7 17 7 16 8 1 8 2 8 1
12 8 13 18 9 7 12 12 15 12 13 19 19 18 6 10 18 14 16 15 4 3 11 6 1 2 2 10 16 19 17 1 14 17 12 11 17 876 890 898 909 911 913 917 923 935 943 946 950 8
9 15 3 10 17 17 12 3 4 5 1 8 15 16 4 10 0 4 14 2 18 7 3 19 7 15 16 13 15 2 14 6 14 19 14 1 5 870 582 587 591 596 605 618 630 641 645 653 958 13
2 19 15 6 8 0 0 790 787 782 776 774 770 761 751 746 732 718 1013 17 0 16 9 1 9 4 0 7 14 6 12 2 5 16 10 7 5 864 573 347 357 362 363 368 371 373 381 663 965 14
17 3 1 1 17 10 4 798 519 508 507 494 479 470 465 453 450 703 1012 16 14 2 16 4 2 15 6 12 15 7 14 15 12 14 11 19 16 853 558 343 164 170 180 192 195 199 383 672 969 2
3 2 10 12 7 8 2 803 524 259 252 244 241 233 229 218 437 691 1005 3 15 19 1 1 12 4 15 17 19 11 12 2 16 2 13 7 15 842 546 329 149 36 42 46 59 207 392 673 979 13
16 14 4 7 8 3 6 804 537 273 118 113 103 102 99 203 423 678 993 18 7 16 7 7 15 3 4 5 0 13 14 8 13 3 18 1 8 837 536 319 139 33 7 9 64 211 405 674 982 4
2 14 13 1 2 9 10 807 538 277 125 35 25 23 90 193 413 670 984 3 3 17 6 0 0 12 3 14 5 7 2 6 15 1 18 9 12 831 526 316 128 32 31 22 76 218 408 679 997 5
17 18 1 6 2 14 2 810 551 283 135 44 7 8 85 191 398 660 982 9 19 8 9 5 16 1 16 3 8 16 7 3 14 7 14 14 11 820 521 304 118 113 100 91 77 233 413 689 1003 7
5 19 6 5 10 14 15 814 558 284 139 50 55 58 72 181 387 651 974 13 3 17 18 17 6 2 4 7 8 5 8 12 16 11 18 5 7 812 518 291 290 279 271 257 248 241 423 702 1009 2
13 10 0 8 4 3 8 824 564 291 153 166 169 174 179 180 380 647 963 6 9 7 2 4 5 0 9 0 19 3 11 5 18 0 6 3 5 806 507 497 490 479 472 460 454 439 437 707 1013 14
12 1 11 17 12 6 9 825 566 301 307 319 333 340 351 352 367 643 955 0 2 11 17 10 4 5 13 15 0 15 10 15 5 4 16 11 11 795 783 769 762 761 757 744 730 727 713 712 1027 0
0 10 15 10 1 18 7 829 572 582 584 587 595 603 611 621 636 639 948 15 0 17 2 12 2 18 5 16 9 17 10 1 19 1 0 3 5 12 7 9 13 1 7 1 6 9 13 4 1042 19
15 5 6 12 7 16 2 842 847 861 869 874 877 882 894 902 916 928 934 8 9 16 13 8 6 3 18 17 5 13 4 5 17 10 7 8 5 2 17 19 2 11 10 17 12 9 12 3 5 10
6 15 9 4 10 19 4 9 19 18 9 3 18 12 15 0 4 18 5 11 13 17 9 7 11 19 8 16 6 9 12 0 3 7 3 11 15 5 9 18 17 15 8 9 14 0 10 11 12 2
2 2 5 9 2 11 9 5 17 15 3 17 5 3 0 13 19 17 12 2 5 15 5 8 15 15 1 13 10 16 11 5 6 0 5 12 7 3 17 3 17 11 9 17 14 12 0 17 12 5
