50
18 7 15 7 18 7 5 4 7 4 1 19 15 17 7 15 13 11 3 9 0 5 14 14 6 3 6 18 13 2 11 15 14 7 9 5 1 18 8 4 4 6 5 2 3 18 3 1 7 6
14 8 1 9 11 13 10 9 12 15 5 1 1 9 16 2 7 7 6 18 12 7 13 5 4 15 19 4 14 12 7 19 10 19 9 17 9 3 2 11 9 14 1 9 15 0 4 12 2 4
19 13 2 14 5 16 13 9 13 12 12 10 17 18 1 4 8 13 4 5 5 13 12 13 14 11 12 10 14 15 5 15 14 3 17 14 10 4 16 19 11 2 14 18 16 0 6 12 18 16
1 0 4 0 6 1 11 6 12 14 5 10 4 18 4 5 5 5 18 12 2 7 2 1 19 11 13 17 18 3 14 3 19 2 15 16 1 6 14 19 16 0 6 19 16 4 9 15 3 9
17 1 9 0 10 10 19 19 8 16 3 10 18 17 2 17 14 8 3 1 1 18 2 7 17 10 16 13 1 0 18 0 1 14 8 6 19 16 7 17 17 10 0 11 4 19 15 0 12 1
12 0 17 6 17 1 6 8 16 17 16 1 14 4 17 8 8 1 13 4 13 9 16 6 17 12 5 13 17 18 11 10 10 5 18 8 14 1 13 13 16 12 13 5 0 4 0 7 15 5
15 2 8 3 16 1 3 7 17 18 16 13 13 0 15 10 12 15 7 15 9 0 5 14 17 13 3 19 7 14 16 18 18 13 1 3 7 15 9 6 11 3 9 4 15 14 15 13 14 0
11 19 3 10 18 11 4 16 19 11 14 2 12 12 10 1 10 5 11 11 11 3 5 7 2 15 17 13 4 1 14 2 7 10 7 2 8 11 14 15 0 7 9 2 5 7 3 19 6 5
13 14 5 0 9 19 14 10 11 9 0 1 18 6 17 18 1 9 17 7 3 2 19 15 19 15 9 4 12 3 5 12 13 11 4 0 4 14 6 5 0 1 18 7 11 15 19 16 9 15
3 9 6 12 3 11 2 8 0 13 15 8 8 4 6 3 0 15 2 9 16 16 17 17 3 18 17 10 9 4 18 11 18 3 8 6 17 19 4 14 8 0 6 7 18 10 18 1 15 9
3 7 19 15 2 19 10 2 7 19 86 19 2 2 0 11 2 19 0 11 14 8 19 15 10 19 16 19 15 18 3 10 6 5 15 10 15 0 3 19 7 17 9 3 15 15 15 15 17 8
16 0 4 19 1 8 7 13 12 17 81 17 19 25 4 3 1 5 4 11 2 1 3 17 1 10 6 14 15 9 4 16 13 0 17 11 0 5 1 5 8 18 19 19 11 1 10 16 0 1
5 2 8 12 4 18 11 2 2 13 67 8 4 33 4 0 7 19 6 16 7 2 16 12 1 0 4 3 14 13 5 16 1 1 16 17 18 9 13 5 13 6 2 7 14 3 8 9 0 8
15 12 18 9 10 5 2 15 9 1 58 49 48 46 1 1 11 14 1 18 15 6 13 13 10 15 5 15 5 13 9 9 13 1654 1646 1633 1626 1621 1606 1592 1583 1568 1554 1548 1536 1526 1523 1515 15 8
16 19 7 4 7 7 3 6 15 9 8 18 14 15 18 18 15 3 5 17 0 5 16 16 18 8 18 19 9 3 6 12 9 1663 1147 1143 1134 1131 1130 1117 1106 1097 1092 1081 1072 1057 1046 1509 17 14
2 11 18 0 14 15 17 7 3 18 0 17 8 4 18 16 6 16 13 3 13 1 8 1 13 11 15 1 19 13 16 7 18 1673 1153 800 793 779 775 768 765 762 750 735 720 712 1045 1500 1 5
13 12 3 13 18 18 16 8 8 16 3 10 15 5 17 19 3 5 7 1 0 16 2 2 7 18 17 16 15 11 19 12 6 1685 1165 802 536 521 511 498 490 482 472 459 449 711 1042 1491 15 12
14 8 4 18 0 5 18 13 14 12 14 5 4 1 13 3 18 10 11 0 17 9 8 1 13 4 4 19 13 16 8 9 6 1692 1170 810 544 278 274 272 269 254 248 241 434 707 1035 1477 13 4
18 16 3 14 19 2 4 16 2 10 14 17 19 16 1 5 7 3 15 13 0 18 13 10 16 13 16 10 17 5 12 16 8 1697 1183 817 547 284 149 143 134 131 119 231 424 696 1033 1469 8 4
13 5 14 7 8 9 6 16 19 17 2 15 7 15 0 6 16 8 18 2 12 3 16 13 6 9 10 7 13 13 2 8 7 1711 1185 829 550 299 157 38 31 24 107 230 419 685 1023 1459 15 9
1 9 2 7 0 5 17 13 6 7 10 8 4 7 8 18 10 3 10 2 4 9 3 6 5 0 10 15 1 11 15 3 8 1723 1199 835 558 313 165 48 0 14 98 224 413 673 1015 1454 8 5
16 4 1 12 16 19 7 18 6 8 14 17 4 4 11 9 12 13 7 17 5 18 5 5 16 7 0 17 4 2 2 17 8 1733 1210 845 560 316 169 59 69 83 96 218 407 668 1005 1444 1943 19
14 14 2 3 14 4 5 8 18 11 4 10 8 1 19 7 0 11 4 0 9 10 7 14 17 3 2 15 12 19 0 3 17 1746 1223 855 571 323 171 185 189 202 203 206 403 665 990 1429 1935 3
11 12 4 12 16 0 14 16 15 8 11 8 5 8 14 15 14 12 8 6 9 5 7 2 4 19 2 10 4 3 10 13 9 1751 1225 860 578 327 341 348 350 351 362 377 389 656 982 1414 1930 16
19 4 0 6 13 7 12 16 19 12 13 14 3 16 19 5 9 11 14 0 9 8 13 3 15 2 11 13 13 3 7 6 0 1759 1240 864 581 590 592 605 607 617 624 630 631 646 973 1400 1922 1
12 15 19 7 18 1 0 5 7 12 3 3 9 14 7 5 9 10 11 3 4 17 12 13 16 4 10 2 12 19 16 17 10 1761 1255 865 880 884 885 894 903 910 924 932 946 961 970 1390 1916 17
18 19 12 14 9 0 8 10 17 14 12 13 13 12 9 2 11 8 16 16 19 18 10 8 11 1 6 16 6 17 8 6 12 1769 1269 1280 1290 1300 1302 1306 1321 1333 1345 1358 1370 1371 1381 1383 1913 18
5 18 4 15 9 11 16 2 14 6 18 8 16 11 8 16 7 15 13 16 9 15 10 18 8 19 0 5 3 9 2 11 15 1779 1787 1790 1796 1801 1802 1814 1819 1830 1835 1850 1859 1869 1881 1887 1898 12
5 5 16 8 11 2 2 7 14 7 10 0 6 16 6 10 2 19 6 4 17 5 6 4 16 19 9 9 14 4 17 5 17 11 18 3 1 0 11 6 14 12 6 17 1 5 11 3 18 18
5 2 9 14 12 16 14 6 2 15 11 10 7 10 4 9 18 11 16 8 15 10 11 7 10 1 6 13 13 6 15 1 9 6 5 13 13 15 6 16 7 0 15 3 19 3 15 19 13 12
8 17 18 16 19 1 18 17 18 0 17 16 3 9 16 10 10 18 13 7 19 16 9 12 1 15 12 4 18 3 18 14 13 11 9 17 0 2 7 19 9 4 10 6 7 9 17 8 8 13
16 10 18 3 7 15 7 3 2 13 13 14 5 17 2 11 3 19 3 13 8 17 3 10 0 8 19 6 0 14 19 9 3 14 15 13 1 17 19 7 10 7 8 11 18 5 0 17 12 0
16 3 1 5 4 13 19 10 14 16 14 10 19 10 9 9 14 5 7 18 10 14 7 12 11 8 2 18 0 16 13 18 15 11 7 17 15 7 4 9 6 6 5 10 11 17 14 17 3 19
14 10 4 9 14 17 1 9 16 4 19 9 1 3 19 2 9 16 14 4 14 3 9 9 4 0 9 2 19 12 13 12 17 14 13 7 1 19 19 19 5 19 12 4 16 2 18 19 3 9
3 9 5 2 8 8 4 11 3 0 14 1 10 12 12 12 9 13 6 16 5 10 19 12 2 16 3 10 18 3 10 18 19 2 6 16 19 16 11 15 18 16 2 7 16 14 16 5 15 2
13 6 7 13 0 1 16 9 5 13 12 2 9 6 18 14 0 11 6 13 4 0 17 13 8 4 16 11 16 6 4 11 16 4 8 9 16 818 822 832 833 835 845 851 853 856 870 877 7 9
8 18 16 10 2 0 6 7 13 19 12 5 12 7 13 9 10 17 1 19 11 17 6 1 9 19 11 11 8 5 0 8 15 11 10 17 19 809 561 563 573 584 590 591 599 600 613 879 11 18
9 12 4 15 10 6 13 814 807 792 782 781 773 765 763 753 751 741 13 10 16 11 14 5 14 1 13 7 19 1 4 19 4 9 17 7 1 800 551 311 315 319 326 341 342 355 626 886 16 10
16 14 4 8 9 16 7 822 546 540 535 521 514 499 487 477 473 734 12 10 9 9 0 16 2 4 5 17 0 7 5 12 4 15 3 8 10 799 540 299 133 144 154 159 174 362 636 898 11 15
1 17 10 19 12 10 1 824 555 304 300 289 283 282 277 272 466 723 1 2 7 1 14 0 13 7 6 15 12 1 7 0 6 11 5 12 1 796 531 294 119 31 40 48 180 372 640 900 19 16
2 17 9 11 19 13 18 828 566 311 168 153 138 124 123 270 464 720 11 4 5 4 11 18 16 4 9 1 0 8 8 6 16 10 16 3 15 793 525 289 112 30 7 62 195 381 646 904 15 16
8 11 5 0 16 1 13 834 581 323 179 60 53 41 108 264 456 719 1 4 0 13 2 11 2 6 0 11 18 19 15 4 14 18 12 16 4 781 512 276 110 22 19 67 200 390 651 908 17 15
19 4 9 7 10 13 13 839 584 324 189 64 9 34 105 262 452 705 4 7 7 15 2 4 16 15 7 14 6 9 1 1 11 5 11 6 2 780 508 267 106 91 80 68 212 400 662 914 10 6
2 3 3 2 3 10 1 848 590 326 191 65 24 28 98 247 443 698 5 1 4 8 16 11 14 18 7 0 10 12 14 17 17 14 8 9 2 772 497 260 249 245 237 223 213 409 665 921 7 10
12 16 6 16 2 19 3 858 596 336 198 74 87 90 93 243 430 689 0 0 3 0 8 1 4 8 1 9 0 18 17 5 7 16 14 6 16 770 488 479 470 458 447 435 425 423 670 926 12 11
16 13 7 8 0 13 15 862 600 341 210 216 223 236 240 241 426 687 4 18 13 11 2 11 17 13 17 5 10 1 11 8 14 19 8 3 19 768 754 742 734 727 723 708 700 695 682 930 0 19
12 10 19 13 7 9 5 864 611 345 355 362 366 377 389 400 413 686 2 7 3 17 16 10 19 0 7 13 19 6 15 8 17 16 5 13 1030 1023 1022 1008 996 990 981 977 972 963 958 943 3 0
8 1 8 0 6 13 14 868 619 621 628 636 637 645 658 665 668 678 6 1 18 2 9 14 14 4 13 4 6 19 15 3 14 1 6 10 16 0 9 10 18 14 19 6 15 4 1 16 18 3
16 11 7 11 16 10 3 869 872 873 881 893 896 907 920 923 929 930 2 18 18 10 4 9 5 1 12 16 4 14 1 1 0 3 13 16 2 13 12 4 11 8 8 13 15 18 19 19 0 17
1 6 15 18 19 12 15 17 12 17 5 2 8 13 10 18 19 15 2 15 7 8 5 16 0 5 13 5 2 9 16 10 12 10 18 13 0 19 4 5 19 18 6 12 2 4 2 16 1 13
