15
15 18 3 2 14 11 1 15 19 5 1 10 6 14 5
3 10 18 19 1 13 14 17 14 16 13 16 5 2 8
1 0 13 1 15 15 2 2 11 17 4 18 12 3 16
13 0 13 15 55 67 71 17 12 12 15 9 11 0 8
5 10 17 9 52 6 8 14 11 0 4 18 15 19 12
5 4 1 3 48 1 23 12 17 9 16 1 7 7 1
9 0 13 14 42 39 29 3 13 12 4 1 12 19 10
8 7 4 15 6 18 10 7 7 4 3 1 3 6 3
10 11 9 0 4 2 19 13 11 4 18 12 10 5 15
19 3 2 18 7 4 8 11 4 13 15 5 12 6 18
9 2 19 5 9 4 5 0 5 8 18 10 1 3 12
12 12 7 10 3 1 3 3 7 0 9 15 5 8 3
7 8 3 17 9 3 9 1 8 2 8 0 1 18 14
8 6 10 9 3 10 0 8 7 16 3 15 6 5 18
13 9 4 8 3 19 17 6 4 15 18 6 11 5 15
