2 2 2 2 3 11 103 811 5153 2068841 
3 5 5 5 67 1526071 4567117 
2 3 1601 595801 330300991 
2 2 2 2 2 2 2 2 11 23 29 53 73 269 451183 
2 722561407 1100044067 
2 2 2 11 43 59 71 6389 4257503 
5 29 29 103993 209204293 
2 2 3 3 1877 73259 12036907 
2 2 2 5 5 79 439 2339 2417 70223 
3 3 19 367 120371 19442869 
2 2 3 31 157 953 70201 88661 
2 2 2 2 251 859 1481 1787 65419 
2 3 7 61 347 571 94885783 
2 3 13 563 631 12323 193703 
2 2 3 7 7 37 3310999 38077031 
2 2 2 2 3 3 3 13 29 41 227 3881 151009 
2 3 3 3 5 5 53 71 66751 2607853 
7 653 5647 53819 630307 
2 2 2 2 2 7 17 363061 587874337 
2 2 2 2 2 17 113 193 329177 462419 
2 5 11 17 73 97 10657 1791961 
2 2 2 3 3 13 4150903 10834739 
2 3 3 3 5 7 19 59 167099 1905443 
3 7 11 19 107 409 491 2909 3917 
2 2 5 19 7781927 866233943 
2 2 7 11 37 193 9283 55453549 
2 2 2 3 3 5 11 37 193 42397 975551 
2 29 31 71 97 9781 1821497 
2 2 2 23 59 544399 231892039 
2 2 3 13 79 173 211 2857 68111 
2 3 3 3 113 233 27823 24201629 
2 2 2 2 2 31 983 42337 1186001 
2 2 2 11 31 47 211 95857 320143 
2 2 2 2 2 3 3 7 709 1451 312865771 
2 2 2 3 3 3 3 5 139 1009 53441 96017 
2 2 2 2 2 2 31 67 5399 14741 23857 
2 2 2 5 7 11 11 13 479 4079 4679803 
2 2 2 2 3 11 11 11 13 701 14713 103561 
2 5 7 23 131 395147 4089509 
2 2 3 3 3 3 7 13 31 73 172001 200989 
2 3 3 23 173 167521 37010273 
2 2 2 2 2 2 109 109357 120309727 
2 3 47 53 5439817 31810637 
3 5 11 19 19 23 73 349 909113 
2 2 2 2 3 3 5 7 7 13 233 1399 6280229 
3 3 3 211 2828999 14545519 
13 443 571 72719 3127981 
3 29 313 34147 724315741 
17 23 83 149 257 1098447733 
7 11 11 1979 450811 768371 
3 3 3 7 37 47 163 1433 1786943 
2 2 2 2 2 2 2 2 2 3 13 13 29 71 2351 85087 
7 11 34040719 224616811 
19 29 181 17183 660713539 
2 2 2 2 2 97 811 7823 22149899 
2 2 2 2 3 5 7 53 2389 4639 612977 
2 2 2 2 2 3 7 7 1583 22859 9285911 
3 3 23 331 19379 907649339 
2 13 16363 18199 130399597 
2 2 2 2 2 2 3 13 13 13 37 859 1999 75407 
3 3 11 23 264631 462248029 
2 2 2 2 5 467 1229 80683 206651 
3 3 5 5 79 1933 3083 3271 7853 
2 5 5 7 7 349 93629 1790819 
2 2 3 181 2459 17203 4498303 
2 2 2 3 5 5 5 5 7 83 1171 1831 76147 
2 2 2 3 3 5 5 7 2609 7043 3547253 
2 2 2 3 5 5 11 11 23 29 563 55048633 
2 3 5 23 127 571 2411 267581 
3 3 5 7 67 139 251 1399 109253 
41 5309 131221 28871993 
2 5 5 19 107 113 17909 5277001 
2 3 3 5 43 73 197 159407 192877 
3 3 3 11 19 73 379 2861 531823 
3 3 3 11 1607 2203 182822753 
2 2 2 2 2 3 3 11 163 557 3037 37369 
3 3 3 3 3 179 751 12923 2164991 
2 2 2 2 2 3 3 13 43 53 131 929 275087 
2 2 2 2 3 137 2267 155171 294781 
2 2 2 43 2719 27457 2863921 
2 2 2 5 5 5 7 67 131 2543 15044429 
2 2 2 2 13 1231 240043 5301251 
2 2 3 17 17 17 29 2711 3637 61043 
2 3 7 17 17 17 47 2131 2777 19661 
2 2 3 3 5 5 7 13 13 47 179 277 379 761 
2 3 7 7 47 53 113 181 3449 37223 
2 2 2 11 53 2719 11047 4414673 
2 2 2 2 2 2 2 17 19 53 2273 7283 13037 
2 968333911 1475411957 
3 3 3 5 7 337 1301 10771 28837 
2 2 13 23 41 859 997 18464981 
3 3 5 17 17 73 79 751 2203 12401 
2 2 2 2 3 3 7 7 11 41 103 2689 1375799 
3 5 13 37 1336547 60340927 
2 2 5 13 41 1747 93139 966913 
13 241 4317037 49663091 
2 2 2 3 3 5 5 5 71 527699 5714843 
2 2 2 2 2 2 2 3 3 5 113 78031 26142031 
5 11 13 41 71 5107 10607 13183 
2 2 3 3 1223 9013 995183719 
