100 30
10 59 43
69 60 72
9 85 -15
25 65 -23
-13 30 79
-89 97 -46
-23 48 59
63 53 -4
14 39 86
68 7 -33
-83 65 -96
-26 84 92
56 14 74
74 98 -5
60 80 -8
4 78 36
-77 72 28
16 14 8
89 76 4
-79 41 -5
-47 18 55
48 46 -57
14 13 -97
-35 62 -70
23 22 24
-23 95 81
37 45 -28
23 44 81
40 10 -88
94 67 31
34 17 -58
-29 13 50
-37 61 -27
-35 57 -93
-12 64 98
92 10 31
-59 64 -68
100 65 16
-50 41 -7
-5 24 25
-69 34 -78
35 66 -37
-73 78 -61
90 37 33
65 1 -81
25 84 35
-81 98 96
76 47 2
96 5 21
-10 74 -96
-93 44 -44
96 12 -28
-41 48 -77
38 32 76
-17 92 -88
-57 69 13
13 87 -47
2 52 84
-82 93 15
-84 93 -45
-36 0 34
69 13 30
43 84 -42
-47 18 -21
17 55 -96
-67 83 -26
-100 14 36
14 27 41
47 29 93
-13 25 51
15 40 19
80 57 28
-56 90 91
36 45 -10
70 98 40
-77 30 54
63 41 -21
35 88 -50
16 31 77
94 69 18
45 66 0
7 96 -54
29 39 -15
24 61 -5
-97 47 -40
43 66 -43
-42 38 24
50 43 76
-73 10 -41
-82 57 -29
18 55 15
-94 65 94
31 32 -14
-56 90 -72
-27 9 -13
97 90 -48
62 54 41
-10 10 -80
84 35 43
-6 100 69
