1100
10000000000000
9999999999999
9999999999998
9999999999997
9999999999996
9999999999995
9999999999994
9999999999993
9999999999992
9999999999991
9999999999990
9999999999989
9999999999988
9999999999987
9999999999986
9999999999985
9999999999984
9999999999983
9999999999982
9999999999981
9999999999980
9999999999979
9999999999978
9999999999977
9999999999976
9999999999975
9999999999974
9999999999973
9999999999972
9999999999971
9999999999970
9999999999969
9999999999968
9999999999967
9999999999966
9999999999965
9999999999964
9999999999963
9999999999962
9999999999961
9999999999960
9999999999959
9999999999958
9999999999957
9999999999956
9999999999955
9999999999954
9999999999953
9999999999952
9999999999951
9999999999950
9999999999949
9999999999948
9999999999947
9999999999946
9999999999945
9999999999944
9999999999943
9999999999942
9999999999941
9999999999940
9999999999939
9999999999938
9999999999937
9999999999936
9999999999935
9999999999934
9999999999933
9999999999932
9999999999931
9999999999930
9999999999929
9999999999928
9999999999927
9999999999926
9999999999925
9999999999924
9999999999923
9999999999922
9999999999921
9999999999920
9999999999919
9999999999918
9999999999917
9999999999916
9999999999915
9999999999914
9999999999913
9999999999912
9999999999911
9999999999910
9999999999909
9999999999908
9999999999907
9999999999906
9999999999905
9999999999904
9999999999903
9999999999902
9999999999901
9999999999900
9999999999899
9999999999898
9999999999897
9999999999896
9999999999895
9999999999894
9999999999893
9999999999892
9999999999891
9999999999890
9999999999889
9999999999888
9999999999887
9999999999886
9999999999885
9999999999884
9999999999883
9999999999882
9999999999881
9999999999880
9999999999879
9999999999878
9999999999877
9999999999876
9999999999875
9999999999874
9999999999873
9999999999872
9999999999871
9999999999870
9999999999869
9999999999868
9999999999867
9999999999866
9999999999865
9999999999864
9999999999863
9999999999862
9999999999861
9999999999860
9999999999859
9999999999858
9999999999857
9999999999856
9999999999855
9999999999854
9999999999853
9999999999852
9999999999851
9999999999850
9999999999849
9999999999848
9999999999847
9999999999846
9999999999845
9999999999844
9999999999843
9999999999842
9999999999841
9999999999840
9999999999839
9999999999838
9999999999837
9999999999836
9999999999835
9999999999834
9999999999833
9999999999832
9999999999831
9999999999830
9999999999829
9999999999828
9999999999827
9999999999826
9999999999825
9999999999824
9999999999823
9999999999822
9999999999821
9999999999820
9999999999819
9999999999818
9999999999817
9999999999816
9999999999815
9999999999814
9999999999813
9999999999812
9999999999811
9999999999810
9999999999809
9999999999808
9999999999807
9999999999806
9999999999805
9999999999804
9999999999803
9999999999802
9999999999801
9999999999800
9999999999799
9999999999798
9999999999797
9999999999796
9999999999795
9999999999794
9999999999793
9999999999792
9999999999791
9999999999790
9999999999789
9999999999788
9999999999787
9999999999786
9999999999785
9999999999784
9999999999783
9999999999782
9999999999781
9999999999780
9999999999779
9999999999778
9999999999777
9999999999776
9999999999775
9999999999774
9999999999773
9999999999772
9999999999771
9999999999770
9999999999769
9999999999768
9999999999767
9999999999766
9999999999765
9999999999764
9999999999763
9999999999762
9999999999761
9999999999760
9999999999759
9999999999758
9999999999757
9999999999756
9999999999755
9999999999754
9999999999753
9999999999752
9999999999751
9999999999750
9999999999749
9999999999748
9999999999747
9999999999746
9999999999745
9999999999744
9999999999743
9999999999742
9999999999741
9999999999740
9999999999739
9999999999738
9999999999737
9999999999736
9999999999735
9999999999734
9999999999733
9999999999732
9999999999731
9999999999730
9999999999729
9999999999728
9999999999727
9999999999726
9999999999725
9999999999724
9999999999723
9999999999722
9999999999721
9999999999720
9999999999719
9999999999718
9999999999717
9999999999716
9999999999715
9999999999714
9999999999713
9999999999712
9999999999711
9999999999710
9999999999709
9999999999708
9999999999707
9999999999706
9999999999705
9999999999704
9999999999703
9999999999702
9999999999701
9999999999700
9999999999699
9999999999698
9999999999697
9999999999696
9999999999695
9999999999694
9999999999693
9999999999692
9999999999691
9999999999690
9999999999689
9999999999688
9999999999687
9999999999686
9999999999685
9999999999684
9999999999683
9999999999682
9999999999681
9999999999680
9999999999679
9999999999678
9999999999677
9999999999676
9999999999675
9999999999674
9999999999673
9999999999672
9999999999671
9999999999670
9999999999669
9999999999668
9999999999667
9999999999666
9999999999665
9999999999664
9999999999663
9999999999662
9999999999661
9999999999660
9999999999659
9999999999658
9999999999657
9999999999656
9999999999655
9999999999654
9999999999653
9999999999652
9999999999651
9999999999650
9999999999649
9999999999648
9999999999647
9999999999646
9999999999645
9999999999644
9999999999643
9999999999642
9999999999641
9999999999640
9999999999639
9999999999638
9999999999637
9999999999636
9999999999635
9999999999634
9999999999633
9999999999632
9999999999631
9999999999630
9999999999629
9999999999628
9999999999627
9999999999626
9999999999625
9999999999624
9999999999623
9999999999622
9999999999621
9999999999620
9999999999619
9999999999618
9999999999617
9999999999616
9999999999615
9999999999614
9999999999613
9999999999612
9999999999611
9999999999610
9999999999609
9999999999608
9999999999607
9999999999606
9999999999605
9999999999604
9999999999603
9999999999602
9999999999601
9999999999600
9999999999599
9999999999598
9999999999597
9999999999596
9999999999595
9999999999594
9999999999593
9999999999592
9999999999591
9999999999590
9999999999589
9999999999588
9999999999587
9999999999586
9999999999585
9999999999584
9999999999583
9999999999582
9999999999581
9999999999580
9999999999579
9999999999578
9999999999577
9999999999576
9999999999575
9999999999574
9999999999573
9999999999572
9999999999571
9999999999570
9999999999569
9999999999568
9999999999567
9999999999566
9999999999565
9999999999564
9999999999563
9999999999562
9999999999561
9999999999560
9999999999559
9999999999558
9999999999557
9999999999556
9999999999555
9999999999554
9999999999553
9999999999552
9999999999551
9999999999550
9999999999549
9999999999548
9999999999547
9999999999546
9999999999545
9999999999544
9999999999543
9999999999542
9999999999541
9999999999540
9999999999539
9999999999538
9999999999537
9999999999536
9999999999535
9999999999534
9999999999533
9999999999532
9999999999531
9999999999530
9999999999529
9999999999528
9999999999527
9999999999526
9999999999525
9999999999524
9999999999523
9999999999522
9999999999521
9999999999520
9999999999519
9999999999518
9999999999517
9999999999516
9999999999515
9999999999514
9999999999513
9999999999512
9999999999511
9999999999510
9999999999509
9999999999508
9999999999507
9999999999506
9999999999505
9999999999504
9999999999503
9999999999502
9999999999501
9999999999500
9999999999499
9999999999498
9999999999497
9999999999496
9999999999495
9999999999494
9999999999493
9999999999492
9999999999491
9999999999490
9999999999489
9999999999488
9999999999487
9999999999486
9999999999485
9999999999484
9999999999483
9999999999482
9999999999481
9999999999480
9999999999479
9999999999478
9999999999477
9999999999476
9999999999475
9999999999474
9999999999473
9999999999472
9999999999471
9999999999470
9999999999469
9999999999468
9999999999467
9999999999466
9999999999465
9999999999464
9999999999463
9999999999462
9999999999461
9999999999460
9999999999459
9999999999458
9999999999457
9999999999456
9999999999455
9999999999454
9999999999453
9999999999452
9999999999451
9999999999450
9999999999449
9999999999448
9999999999447
9999999999446
9999999999445
9999999999444
9999999999443
9999999999442
9999999999441
9999999999440
9999999999439
9999999999438
9999999999437
9999999999436
9999999999435
9999999999434
9999999999433
9999999999432
9999999999431
9999999999430
9999999999429
9999999999428
9999999999427
9999999999426
9999999999425
9999999999424
9999999999423
9999999999422
9999999999421
9999999999420
9999999999419
9999999999418
9999999999417
9999999999416
9999999999415
9999999999414
9999999999413
9999999999412
9999999999411
9999999999410
9999999999409
9999999999408
9999999999407
9999999999406
9999999999405
9999999999404
9999999999403
9999999999402
9999999999401
9999999999400
9999999999399
9999999999398
9999999999397
9999999999396
9999999999395
9999999999394
9999999999393
9999999999392
9999999999391
9999999999390
9999999999389
9999999999388
9999999999387
9999999999386
9999999999385
9999999999384
9999999999383
9999999999382
9999999999381
9999999999380
9999999999379
9999999999378
9999999999377
9999999999376
9999999999375
9999999999374
9999999999373
9999999999372
9999999999371
9999999999370
9999999999369
9999999999368
9999999999367
9999999999366
9999999999365
9999999999364
9999999999363
9999999999362
9999999999361
9999999999360
9999999999359
9999999999358
9999999999357
9999999999356
9999999999355
9999999999354
9999999999353
9999999999352
9999999999351
9999999999350
9999999999349
9999999999348
9999999999347
9999999999346
9999999999345
9999999999344
9999999999343
9999999999342
9999999999341
9999999999340
9999999999339
9999999999338
9999999999337
9999999999336
9999999999335
9999999999334
9999999999333
9999999999332
9999999999331
9999999999330
9999999999329
9999999999328
9999999999327
9999999999326
9999999999325
9999999999324
9999999999323
9999999999322
9999999999321
9999999999320
9999999999319
9999999999318
9999999999317
9999999999316
9999999999315
9999999999314
9999999999313
9999999999312
9999999999311
9999999999310
9999999999309
9999999999308
9999999999307
9999999999306
9999999999305
9999999999304
9999999999303
9999999999302
9999999999301
9999999999300
9999999999299
9999999999298
9999999999297
9999999999296
9999999999295
9999999999294
9999999999293
9999999999292
9999999999291
9999999999290
9999999999289
9999999999288
9999999999287
9999999999286
9999999999285
9999999999284
9999999999283
9999999999282
9999999999281
9999999999280
9999999999279
9999999999278
9999999999277
9999999999276
9999999999275
9999999999274
9999999999273
9999999999272
9999999999271
9999999999270
9999999999269
9999999999268
9999999999267
9999999999266
9999999999265
9999999999264
9999999999263
9999999999262
9999999999261
9999999999260
9999999999259
9999999999258
9999999999257
9999999999256
9999999999255
9999999999254
9999999999253
9999999999252
9999999999251
9999999999250
9999999999249
9999999999248
9999999999247
9999999999246
9999999999245
9999999999244
9999999999243
9999999999242
9999999999241
9999999999240
9999999999239
9999999999238
9999999999237
9999999999236
9999999999235
9999999999234
9999999999233
9999999999232
9999999999231
9999999999230
9999999999229
9999999999228
9999999999227
9999999999226
9999999999225
9999999999224
9999999999223
9999999999222
9999999999221
9999999999220
9999999999219
9999999999218
9999999999217
9999999999216
9999999999215
9999999999214
9999999999213
9999999999212
9999999999211
9999999999210
9999999999209
9999999999208
9999999999207
9999999999206
9999999999205
9999999999204
9999999999203
9999999999202
9999999999201
9999999999200
9999999999199
9999999999198
9999999999197
9999999999196
9999999999195
9999999999194
9999999999193
9999999999192
9999999999191
9999999999190
9999999999189
9999999999188
9999999999187
9999999999186
9999999999185
9999999999184
9999999999183
9999999999182
9999999999181
9999999999180
9999999999179
9999999999178
9999999999177
9999999999176
9999999999175
9999999999174
9999999999173
9999999999172
9999999999171
9999999999170
9999999999169
9999999999168
9999999999167
9999999999166
9999999999165
9999999999164
9999999999163
9999999999162
9999999999161
9999999999160
9999999999159
9999999999158
9999999999157
9999999999156
9999999999155
9999999999154
9999999999153
9999999999152
9999999999151
9999999999150
9999999999149
9999999999148
9999999999147
9999999999146
9999999999145
9999999999144
9999999999143
9999999999142
9999999999141
9999999999140
9999999999139
9999999999138
9999999999137
9999999999136
9999999999135
9999999999134
9999999999133
9999999999132
9999999999131
9999999999130
9999999999129
9999999999128
9999999999127
9999999999126
9999999999125
9999999999124
9999999999123
9999999999122
9999999999121
9999999999120
9999999999119
9999999999118
9999999999117
9999999999116
9999999999115
9999999999114
9999999999113
9999999999112
9999999999111
9999999999110
9999999999109
9999999999108
9999999999107
9999999999106
9999999999105
9999999999104
9999999999103
9999999999102
9999999999101
9999999999100
9999999999099
9999999999098
9999999999097
9999999999096
9999999999095
9999999999094
9999999999093
9999999999092
9999999999091
9999999999090
9999999999089
9999999999088
9999999999087
9999999999086
9999999999085
9999999999084
9999999999083
9999999999082
9999999999081
9999999999080
9999999999079
9999999999078
9999999999077
9999999999076
9999999999075
9999999999074
9999999999073
9999999999072
9999999999071
9999999999070
9999999999069
9999999999068
9999999999067
9999999999066
9999999999065
9999999999064
9999999999063
9999999999062
9999999999061
9999999999060
9999999999059
9999999999058
9999999999057
9999999999056
9999999999055
9999999999054
9999999999053
9999999999052
9999999999051
9999999999050
9999999999049
9999999999048
9999999999047
9999999999046
9999999999045
9999999999044
9999999999043
9999999999042
9999999999041
9999999999040
9999999999039
9999999999038
9999999999037
9999999999036
9999999999035
9999999999034
9999999999033
9999999999032
9999999999031
9999999999030
9999999999029
9999999999028
9999999999027
9999999999026
9999999999025
9999999999024
9999999999023
9999999999022
9999999999021
9999999999020
9999999999019
9999999999018
9999999999017
9999999999016
9999999999015
9999999999014
9999999999013
9999999999012
9999999999011
9999999999010
9999999999009
9999999999008
9999999999007
9999999999006
9999999999005
9999999999004
9999999999003
9999999999002
9999999999001
9999999999000
9999999998999
9999999998998
9999999998997
9999999998996
9999999998995
9999999998994
9999999998993
9999999998992
9999999998991
9999999998990
9999999998989
9999999998988
9999999998987
9999999998986
9999999998985
9999999998984
9999999998983
9999999998982
9999999998981
9999999998980
9999999998979
9999999998978
9999999998977
9999999998976
9999999998975
9999999998974
9999999998973
9999999998972
9999999998971
9999999998970
9999999998969
9999999998968
9999999998967
9999999998966
9999999998965
9999999998964
9999999998963
9999999998962
9999999998961
9999999998960
9999999998959
9999999998958
9999999998957
9999999998956
9999999998955
9999999998954
9999999998953
9999999998952
9999999998951
9999999998950
9999999998949
9999999998948
9999999998947
9999999998946
9999999998945
9999999998944
9999999998943
9999999998942
9999999998941
9999999998940
9999999998939
9999999998938
9999999998937
9999999998936
9999999998935
9999999998934
9999999998933
9999999998932
9999999998931
9999999998930
9999999998929
9999999998928
9999999998927
9999999998926
9999999998925
9999999998924
9999999998923
9999999998922
9999999998921
9999999998920
9999999998919
9999999998918
9999999998917
9999999998916
9999999998915
9999999998914
9999999998913
9999999998912
9999999998911
9999999998910
9999999998909
9999999998908
9999999998907
9999999998906
9999999998905
9999999998904
9999999998903
9999999998902
9999999998901
