500 1500
57 173 502257 790759
240 489 19626 434942
466 486 33785 754551
266 434 707484 948399
2 168 107557 661643
54 176 476270 817677
99 333 496574 600862
92 262 873000 877790
286 401 68525 375256
198 241 604503 849058
35 139 603608 960820
91 404 909219 930757
213 259 38313 933786
119 489 395951 410056
269 440 619383 892524
165 382 314520 492383
65 490 139157 383044
39 398 654073 988214
37 174 351792 614893
264 463 282549 551874
27 361 57645 485660
67 202 453595 778493
187 470 572068 914227
109 135 137051 886587
451 483 17489 276208
232 273 464768 671562
306 446 816560 824562
120 460 3646 892787
172 298 61291 145873
237 364 278902 440717
207 444 367322 559193
404 408 584854 696243
242 302 118695 878826
256 427 191224 343593
4 413 15785 985384
315 424 260987 989029
171 221 142937 406859
408 428 7966 421838
159 371 513126 567158
400 419 614332 632012
26 54 27189 54480
133 134 149045 762055
340 489 650780 888304
115 308 149290 555187
331 500 214475 837090
165 427 671649 845055
175 212 184775 533945
106 463 682309 976868
483 497 88115 547699
130 254 676619 753511
290 445 323059 564922
211 449 283279 878245
62 72 636720 739489
236 274 219910 927489
115 337 118652 753855
72 163 95519 992554
159 218 80668 258641
178 471 556915 935259
32 467 396325 798916
94 421 550155 598546
266 492 161727 805995
391 484 160080 381637
98 343 278731 306170
5 249 298723 750015
243 318 486788 525007
265 420 484739 560054
148 378 240241 800006
51 299 663642 790396
168 242 825369 899911
225 357 59990 724675
199 220 30844 979555
320 418 245921 763138
160 428 766277 987932
44 331 472670 740692
27 60 62710 497284
179 429 726352 854097
220 421 270359 762997
348 428 166626 487671
366 419 414738 662532
136 304 138795 694227
4 231 459627 643078
99 334 585893 716670
125 453 125054 648603
306 484 495502 934756
25 360 697752 750804
59 275 314329 433781
140 312 133775 245418
115 145 233198 788922
351 500 209176 703333
345 450 1574 805577
31 297 157780 642979
336 480 92535 821212
139 191 549601 572015
295 413 261404 863929
199 458 395179 655925
195 452 405474 998194
149 302 217878 745603
306 345 712993 747177
7 337 387125 888524
159 487 226088 982029
149 454 311061 531630
101 410 572465 971410
108 495 619302 627334
159 298 349599 617495
159 372 95202 737003
178 230 401866 966348
236 472 806741 826574
180 482 652131 808603
134 232 216586 963191
7 141 187995 306101
181 353 753150 925402
249 339 77350 619101
302 472 302501 330704
51 383 220718 370970
22 459 4 197544
138 146 168486 956623
28 229 631221 689560
35 55 268739 937321
87 223 21889 122777
323 489 200126 849294
142 330 151795 461024
12 232 511106 831993
322 388 9312 27461
33 446 482286 931113
346 473 60359 562334
154 252 291338 329098
228 338 317050 414114
92 326 682696 896319
273 342 522004 873694
38 353 156027 549461
421 426 165338 836310
123 366 616839 767423
256 320 193549 901571
261 498 192908 740841
335 374 57890 931012
317 437 827330 948089
23 278 847483 986444
61 405 3509 207338
177 198 43647 402043
69 172 184992 535233
176 281 519289 602914
174 279 190465 260129
47 370 121477 722215
306 307 186655 699084
181 450 62918 605593
206 426 370883 812930
76 475 117147 772925
9 497 357524 818490
141 403 837419 876812
76 440 27884 685474
162 212 95320 407688
194 369 297049 310755
144 173 541849 902641
422 450 224425 912731
7 498 788846 857923
15 412 96156 146369
166 181 347742 449926
161 472 549567 680485
255 372 775804 790741
59 448 384443 604141
134 231 926292 933032
55 374 157456 859904
378 381 100247 648749
141 470 712754 822307
32 150 527473 686400
192 466 207958 849416
72 113 156508 293872
148 171 563253 678314
105 281 496285 555188
92 331 415091 550063
192 322 650309 909962
161 415 248620 742662
19 446 747989 786486
337 443 396908 597404
56 263 597578 690779
93 411 331043 677183
49 467 482731 886230
58 173 32793 45379
216 454 471693 805876
312 368 64889 153665
183 374 859019 901653
169 409 373076 772278
57 171 832933 970653
1 335 163976 354901
57 153 197563 837632
229 424 759293 814796
229 485 181448 620671
149 411 335112 639331
117 285 14701 931805
25 478 304880 570547
384 386 114886 403480
71 455 293723 469787
270 363 34592 491285
45 430 365739 796774
262 414 978221 981914
172 185 137596 274308
296 301 206112 351325
126 491 222011 921871
350 375 258945 336897
35 156 59519 69019
156 156 610462 873700
85 200 186825 357850
398 461 339764 699985
82 359 93882 974292
7 404 601632 961558
246 280 510620 823642
130 390 285916 650637
287 424 663079 710155
442 468 53131 791526
20 455 665727 808480
352 490 24816 948785
108 201 42666 145207
223 363 746838 903608
355 479 645484 930580
347 369 763644 812472
133 479 552074 943075
205 446 205465 859951
11 30 190215 530297
19 112 138999 563071
71 165 708277 766433
114 239 186393 622593
445 472 305665 784428
252 318 585660 970303
230 234 38728 544527
179 438 749992 793801
140 208 504578 984015
13 103 67649 938674
29 277 39620 221458
243 350 178564 805687
173 492 407343 627703
243 362 377645 744824
96 372 289350 783385
193 402 288461 577185
51 332 220435 309391
64 391 537944 675460
167 417 449409 577563
119 127 771447 862291
149 470 785985 828064
11 129 572887 870958
88 353 444106 654342
281 379 286612 732567
309 429 23398 542344
199 209 80288 637365
202 478 86774 449596
220 328 682149 828238
223 369 26564 386231
203 450 257188 390555
38 381 428670 834661
79 259 517540 715281
31 387 59883 93585
22 239 98716 247301
74 224 64663 277403
146 401 482366 959552
115 475 317677 868596
135 417 224584 596306
15 96 24975 762126
107 174 279665 817412
47 489 14580 427348
148 421 343144 629647
74 310 233719 620546
62 449 127036 232436
383 416 217184 444712
147 369 329841 845883
167 242 420415 608008
172 273 672114 754178
25 71 255991 686693
25 339 115486 897598
383 500 630561 647668
103 184 464099 757596
160 337 197634 789705
306 474 151939 665548
140 447 42764 602314
470 492 423892 714877
368 421 196234 426892
112 219 277611 324489
8 102 429285 908172
119 462 409735 898798
130 220 204854 321436
193 293 503335 566184
148 239 125299 797060
28 491 220952 549211
37 448 25059 976102
256 443 302670 325709
193 450 190412 271345
79 311 326441 605561
298 415 164228 972342
62 207 54877 800297
61 175 597356 784404
159 202 327502 849966
67 196 29803 352560
81 361 355511 981163
125 355 687926 840788
285 486 145434 683580
307 400 634127 787458
3 220 587754 837632
29 462 138387 922231
352 472 337019 766084
143 271 366821 490131
76 331 221700 471293
37 218 578839 689821
56 418 589307 835254
76 380 174647 376765
234 370 60263 528631
17 331 498845 734803
369 428 71821 502491
70 494 706497 992621
176 266 59213 444549
335 387 624890 749033
139 157 214197 945084
313 370 119731 761104
182 361 286865 821366
210 229 487097 538019
191 489 485058 505939
60 184 274860 707907
177 307 334072 651011
193 456 10701 792253
301 446 302816 955785
15 113 218294 580271
227 488 71955 505158
49 176 75404 856037
342 367 341094 766902
253 352 41761 591429
158 184 442703 758792
44 140 708085 969755
39 344 220308 527252
22 405 438601 757631
9 111 345938 780057
138 341 636093 705356
34 39 115287 472258
18 390 223067 809400
202 358 252102 414193
253 356 122277 639448
29 247 181151 859755
50 208 298911 455134
318 423 78967 294455
60 115 516163 774148
98 420 405786 783839
353 437 424990 593238
62 191 176315 355534
311 399 763645 815762
191 369 461147 917092
76 132 216002 797745
54 321 5168 608551
213 380 251329 295668
132 453 131921 551519
109 305 73262 457367
296 299 150033 639049
146 458 66648 919045
14 192 196941 500091
175 445 79229 994685
236 265 86496 600748
415 448 357432 854176
46 368 444524 489352
113 154 122305 901890
260 274 277705 930717
250 420 513716 724433
293 307 422467 921374
103 410 18047 322719
145 147 279945 925566
61 241 145780 637376
79 138 590304 801292
45 191 439948 713451
152 319 160519 627238
235 401 7693 868022
247 393 946512 966995
157 410 289713 290153
56 278 163969 570097
324 370 309748 729507
402 403 47150 88945
97 300 318747 518118
101 265 635501 661707
228 499 159546 357891
327 409 606335 841237
318 449 719374 896487
78 436 883342 890299
111 441 590013 619806
196 307 583495 678957
55 256 101612 907856
318 319 59708 146818
105 397 21060 161223
13 297 283909 461331
97 396 372175 697056
183 249 262473 902793
130 189 9157 448384
113 289 31878 285044
19 341 192899 711838
10 106 255259 375007
63 66 862575 932833
214 242 284311 840257
137 312 172837 593171
161 412 495963 956601
291 472 448579 921336
66 436 249974 944455
258 372 565268 656292
298 329 716391 820526
215 358 95318 234781
74 99 35443 883587
238 279 139649 993109
424 439 26581 612601
289 395 252830 991511
354 484 197284 671963
207 427 237230 928888
107 224 645278 861291
317 447 330267 612423
21 365 213854 698110
143 314 354110 532433
211 237 75366 755631
376 499 8461 53204
96 212 541770 725166
23 248 9598 470657
287 354 870888 896670
233 310 226937 598105
26 142 296214 503668
176 455 36101 925544
386 466 150384 681174
193 486 35756 719939
82 104 536456 577526
182 351 546053 976705
293 468 389726 569701
14 454 580480 684157
7 223 84147 286962
99 398 212505 796783
30 416 463518 475461
308 368 60449 511216
241 411 113256 585114
308 423 78170 333742
395 452 41906 419794
261 451 622385 723767
173 383 10728 780422
84 334 93556 156601
73 466 632061 798333
129 380 375133 918142
369 388 401643 503255
195 424 251737 256647
30 171 682931 814904
140 332 406697 408856
277 374 68707 189277
212 332 741660 855677
72 256 129487 654009
141 200 47629 814421
28 235 181575 732415
151 159 214329 954573
33 476 413611 463864
115 307 872720 932340
83 496 460147 517399
58 180 217435 315823
129 332 215181 346922
324 402 32852 545953
136 219 143146 730778
222 350 467254 873826
177 436 210643 931117
95 188 142982 894529
184 380 354675 759715
289 498 101270 977149
181 422 316450 672004
175 254 221207 762163
336 472 468693 905308
37 486 452298 641213
273 415 723367 851855
102 189 134248 602137
274 420 123709 878203
123 352 224978 348803
125 279 537159 996152
32 217 126355 758314
53 473 413089 595048
345 458 54302 574731
8 111 167065 814449
48 48 137968 285553
256 322 261676 662444
5 459 263935 527599
257 283 13666 260086
399 473 82525 140020
372 419 11966 190181
116 119 278578 281263
126 212 445642 971526
47 111 109493 547432
20 154 463112 726228
326 376 243398 467658
434 484 690758 997675
194 234 289635 752957
100 465 236932 943138
218 252 405695 515509
3 315 377220 429926
49 64 169054 493709
83 436 148517 297458
113 414 281467 825046
141 249 449983 515804
187 438 355003 719291
389 428 507606 591934
32 442 272346 913300
20 444 702271 826344
83 480 700518 995397
267 413 514327 922380
146 179 263777 463927
286 432 40824 430261
52 221 241109 395826
259 331 247862 265066
201 366 196496 520208
237 478 539192 795171
309 440 12040 867076
205 367 305807 763383
12 435 743661 946149
367 422 515939 986973
150 325 168155 757048
113 409 498461 932369
76 330 211308 702066
351 405 13589 126214
128 291 28995 509641
299 346 308729 423209
233 241 315951 369358
162 182 582486 831890
289 331 175091 266993
253 361 673551 876935
211 288 95352 359692
61 440 2257 985851
397 420 531197 719265
47 277 142474 777780
18 183 184031 610082
323 364 189046 282869
111 361 223716 880489
73 391 100650 433860
101 353 656014 793551
293 308 472212 641864
56 413 184103 707828
41 301 3410 478234
167 335 703793 812050
161 490 142952 517448
373 436 318445 883019
168 326 752304 939927
21 206 33665 595940
155 365 22228 714773
55 419 38312 415227
208 312 7894 558073
365 478 577467 819944
25 391 236771 817749
289 326 136193 203651
348 457 315829 659929
220 406 357770 865845
72 227 2645 72542
120 478 557308 747537
381 431 428409 755431
245 374 142122 522227
264 497 164441 959870
286 415 368091 498594
114 372 517019 814422
91 118 359317 391141
34 41 735518 878314
121 154 398084 483055
353 485 826492 960950
210 219 103071 759325
215 292 502852 923765
58 207 1445 241672
78 218 185521 275042
182 335 61189 129875
2 216 146721 381745
299 475 475179 544804
135 148 436128 949844
198 218 376784 709168
284 342 342899 879636
80 490 584570 826420
298 464 11940 258484
128 145 204712 388359
455 482 867784 936808
253 440 287239 411986
87 114 85656 753434
163 453 538504 978791
236 426 602077 881403
324 358 428496 985507
287 435 243990 916784
200 415 558896 637847
131 154 102758 495703
70 188 767508 906348
133 153 175816 853163
85 453 714319 799672
73 231 918101 978940
96 397 964446 969035
287 383 333297 885818
17 339 341344 892192
147 246 960454 980216
153 285 116790 747723
237 286 230722 292605
189 275 546746 672271
346 348 246096 651210
7 441 114823 731482
146 152 279336 448119
162 168 137031 719314
259 484 121896 215881
103 137 238685 556274
191 289 546379 786995
92 415 722614 735002
63 437 126378 485061
43 422 440419 757552
23 194 40213 719754
36 284 275878 372295
120 258 10542 467608
212 226 23881 568902
227 366 631632 867780
133 319 8607 590394
48 454 336469 651336
348 388 674893 776887
262 492 715105 742297
275 482 630943 856746
91 484 324353 970802
85 209 56055 703926
187 312 571706 885482
99 171 356218 894088
404 424 209038 562252
163 276 117924 237144
249 267 860220 901394
15 82 458673 758139
492 498 56059 945826
76 381 655239 759984
189 419 540720 776589
139 160 649159 764043
48 83 326294 967245
289 324 85168 908442
239 389 7971 809835
253 474 634603 982995
172 317 630244 690661
52 144 169322 285483
54 185 308823 462263
213 273 306647 589217
320 362 395495 790243
3 410 303937 576391
1 271 584361 839105
96 207 473707 881264
367 379 492282 511508
363 490 430047 661604
366 395 255221 949608
138 290 270309 772606
3 349 337005 665804
92 110 808110 913396
108 214 647215 830662
315 421 626693 711925
140 432 118974 933002
273 429 192668 879400
146 472 205135 658627
84 113 475444 837116
99 432 174120 465042
190 367 259903 789503
69 475 606916 715789
341 342 391981 858833
124 158 595397 841334
85 87 244584 304416
56 394 416169 449719
162 477 769636 937409
107 260 242801 918802
304 474 19055 681948
373 471 251714 914088
311 420 3434 160046
379 429 90867 115182
449 463 335451 642870
169 342 358671 575390
25 330 809441 812431
132 232 52241 869105
147 387 67404 133611
117 343 674779 901676
221 262 194565 570542
98 451 334265 661409
47 359 177388 977135
27 376 8708 536058
340 401 334500 735384
71 92 68310 120840
238 243 201920 220707
85 448 411837 473198
20 401 560091 777471
499 499 628087 710897
73 209 33087 888284
194 449 120701 558146
33 145 856084 917956
236 423 502617 802826
17 388 539884 883953
220 335 38855 873502
92 473 23323 332677
115 443 734219 906151
188 354 305488 455590
47 235 401432 426188
123 380 218467 835739
355 397 21292 489765
27 242 890069 916429
70 247 103719 955283
13 311 127041 884955
259 425 307458 396464
47 112 596011 701951
281 490 199512 513794
112 384 417979 735008
90 122 279831 741124
149 192 578747 712611
245 261 624626 682465
55 357 25932 786332
389 467 182795 219930
98 287 815940 905920
85 87 5051 105431
261 468 256410 432557
34 235 61235 228740
225 350 539838 639981
95 297 164463 630501
5 246 384471 416832
135 479 169273 604400
192 428 75192 595366
276 475 494744 600416
178 235 764821 927300
211 391 515787 826055
35 241 255687 571976
183 290 402539 502187
36 223 403009 516022
201 409 1480 685294
100 338 596845 726875
113 312 710546 737970
122 142 475367 490204
12 273 5990 984104
160 466 621342 756142
107 181 306642 639881
389 403 462455 822663
149 457 463934 510748
130 294 274957 753975
94 444 410235 985502
220 417 43929 900438
280 493 111504 544384
26 97 732845 864203
77 206 170845 953608
359 466 498614 932414
167 347 525714 835312
188 328 110268 296922
122 483 223508 477900
298 341 38180 900685
63 77 12188 580173
88 385 858645 960727
423 461 598778 812252
17 282 613744 691948
363 457 527260 663543
27 496 476816 739830
323 500 217729 355341
120 408 403696 772377
323 417 500220 754262
153 299 612907 745465
10 221 783002 860595
27 338 376241 991302
146 413 39783 581993
98 439 321822 954791
403 421 73892 826483
162 359 182984 993940
127 159 11131 937246
152 457 613030 756596
161 190 210539 396031
184 379 586780 738024
62 96 127387 320016
160 189 82177 876432
91 159 42253 950323
262 369 439996 741588
333 421 426229 451126
73 336 39258 753349
114 141 465492 963887
166 324 719867 793920
228 234 320387 921306
334 423 713170 928513
492 492 452360 487117
205 254 408707 562526
185 389 169225 988754
257 364 922573 957871
356 459 867679 939714
81 125 130704 177950
107 314 446588 967442
111 440 563931 891453
102 421 532643 951855
125 349 514380 547514
33 486 233090 934142
162 201 92556 408364
77 472 476586 511948
9 388 256175 642651
92 494 438286 702762
54 66 151156 518568
210 487 619362 645463
94 411 192976 826443
79 417 266131 760584
78 447 172902 358686
123 376 557384 684849
10 500 329910 825356
172 443 260997 263641
89 208 665075 928504
270 365 310538 858680
365 458 201474 383888
58 282 576711 650018
55 356 680731 749612
178 461 399187 754467
312 376 248606 740894
34 399 292988 509602
94 105 169215 474414
322 451 27894 700279
168 219 84167 799801
36 128 376511 871484
91 475 68566 652268
287 384 387950 567806
200 260 573510 636555
85 157 382849 649030
113 263 602934 818244
213 489 479732 819565
208 231 279532 332335
43 266 720170 929856
236 369 98475 408155
133 471 68230 796104
158 332 158092 837268
166 440 486298 712131
41 202 556767 831416
382 480 36498 807941
210 382 225328 656627
297 424 671535 819644
362 384 227798 326354
253 494 476677 910936
27 262 100780 313944
241 466 524520 812910
134 325 81286 320867
135 305 128807 366366
16 433 108045 471291
229 432 290934 360464
83 293 51286 686818
253 335 527962 580949
131 405 681728 793096
489 498 295983 317615
252 313 466969 616849
155 387 15902 349687
231 439 487193 726020
162 478 86483 852306
61 300 419943 421247
404 404 2195 70534
161 274 379982 981010
262 448 276992 382927
192 200 194938 849895
81 198 210839 719636
164 383 443677 445655
361 490 295983 354773
141 425 225545 776019
66 181 2693 812430
263 339 500054 706101
45 211 568262 605379
88 273 375785 763199
206 389 95420 344869
124 427 246336 788545
379 416 444056 601108
126 156 13336 185952
43 234 532380 682882
433 496 662558 905334
212 329 29416 230819
336 369 405200 653541
110 471 514761 738233
306 397 696664 984568
36 175 140720 253691
23 152 183547 783378
256 257 581252 866428
41 113 190369 760161
176 480 219784 797511
200 335 534809 967404
164 306 749054 789393
321 460 445718 722357
437 486 492399 871490
277 311 55036 303567
315 385 401170 972426
279 330 557454 679146
161 430 202713 871316
71 116 231273 737521
235 414 655407 980327
44 225 377763 693211
14 332 81052 474642
87 290 286526 294560
81 401 258951 816179
97 263 74775 889984
299 378 277487 426345
360 370 469956 657618
273 444 125362 391849
477 487 592818 601411
462 490 583811 584631
48 371 871156 908800
451 459 241330 496565
313 407 454284 571340
326 464 41685 396980
97 185 27992 954809
40 205 272878 346658
181 420 382047 611522
358 382 481781 712504
12 80 390581 967382
262 470 463947 847376
75 286 204890 818011
111 490 762926 780648
417 439 478478 735456
121 465 666154 751356
254 385 277675 726118
31 111 207898 976190
42 478 353011 459924
92 370 542666 716738
100 155 263907 359617
332 441 140264 568379
72 100 311072 563209
388 416 86124 977225
169 252 612632 812241
134 139 105173 400675
96 468 270037 398059
126 465 457076 964471
225 482 840440 853017
55 165 114616 421396
126 456 425688 912366
264 371 328891 998489
230 367 1000 941522
195 368 401674 482187
142 210 617107 880246
321 335 97929 245411
155 368 98428 355171
175 423 469787 840900
130 474 385352 753265
89 254 230594 537956
116 335 426054 538955
162 481 863303 908240
42 485 336229 996761
158 190 581639 733164
409 418 88334 501183
444 472 342083 802425
199 445 704128 817386
222 304 871693 958638
337 499 841998 901043
283 479 221652 545373
119 413 272628 881601
91 102 5791 862510
361 477 441304 880045
448 479 171245 243729
177 356 746333 988630
77 322 221322 505765
320 365 687651 864114
147 266 45765 233023
123 178 318393 617279
35 65 302925 996140
11 184 652311 744229
162 309 481191 823555
16 184 743875 851093
196 357 492528 873209
60 323 180178 535558
52 88 97675 127265
26 419 171091 260895
386 453 474015 740316
95 422 296935 392626
180 403 207419 778125
215 499 249923 574863
47 423 607458 742450
245 480 41184 143016
31 190 684800 929057
194 460 462412 616499
365 432 401353 719079
204 460 96714 214639
116 235 820484 905301
198 466 155223 551012
25 121 158470 577865
4 337 135401 737886
200 378 183294 264337
246 292 517677 726748
157 179 264468 435381
19 382 434469 877533
17 486 222952 339769
214 492 2186 290315
16 136 580051 762019
451 472 16256 357849
2 50 334247 622185
285 341 368275 922349
155 463 703168 901344
26 201 161863 335812
81 217 384814 404782
129 424 406968 595939
264 370 874309 939588
64 172 297436 787173
113 121 605806 637772
46 257 44506 128719
26 201 296078 546414
226 226 457940 639794
106 158 277433 560927
86 394 190849 873371
31 115 646788 722786
94 224 26311 761059
82 196 681452 883216
73 479 512531 810170
83 98 69175 808608
160 400 225320 345669
5 247 623101 692590
323 492 258107 399790
78 353 497244 947799
153 406 225209 887348
276 339 85151 406818
320 348 293298 919348
254 456 39766 362472
207 292 169211 385434
387 390 160881 378152
61 293 330914 418987
83 222 364374 795064
272 488 692827 768073
47 223 230246 615996
343 394 33148 39895
150 219 589265 806856
198 362 492418 913251
421 436 69997 74131
214 470 538435 917262
52 325 430891 902809
233 448 410346 640069
64 456 156943 305349
338 407 571056 854848
56 112 138417 894264
33 162 51667 951097
149 454 537445 971167
118 206 509601 610021
261 382 40912 932329
480 494 342674 672801
396 469 244802 494501
306 349 328361 332209
312 324 244973 983129
295 357 712422 935810
366 443 423328 844913
72 428 387953 454933
41 196 10386 836634
28 159 662923 683186
127 186 424076 924432
136 386 353198 769144
272 460 114522 177668
418 443 629829 980361
156 309 297732 341625
57 435 202036 880475
21 253 407212 534632
180 249 197554 962306
435 481 344172 403090
116 233 697369 942427
357 391 120094 744274
185 274 231993 240986
110 429 46076 821864
167 464 218690 704271
254 484 238902 570163
2 307 48821 49788
287 410 393960 501402
180 494 97702 960181
126 422 91107 841976
400 461 698680 839451
27 71 36895 561089
437 490 485825 781711
190 464 55988 663191
160 270 96908 229331
290 421 114661 246266
321 341 343968 683243
443 467 50718 774349
151 403 450825 749397
177 292 182018 528265
228 475 184195 988769
182 438 168311 853059
141 193 949966 967113
127 282 213378 284603
345 467 327285 484197
45 139 44894 378002
195 251 495718 920724
394 483 20973 619093
287 309 9741 213599
51 320 66657 937512
44 123 420976 629325
249 354 737067 913927
50 475 64352 967689
19 205 12582 78066
151 307 65200 515141
85 485 86172 415294
224 264 530043 628892
167 400 398710 983907
22 382 28034 309770
87 313 263637 563189
40 287 62158 747677
96 110 221403 656575
67 260 286602 382597
126 151 308874 314242
133 241 324407 355269
175 384 239468 899906
2 408 726027 815995
166 215 131304 595983
11 106 535702 709813
120 239 273456 954231
57 305 336827 425808
34 68 251033 983275
52 301 781936 824033
1 327 238587 681841
219 354 54581 605871
415 434 162891 737174
339 425 679896 698592
47 77 150478 933234
305 456 359041 530341
224 425 29967 765276
78 352 63563 710904
255 352 797557 949490
422 473 403427 915758
188 452 78649 746964
92 290 426859 466367
189 491 346798 915952
492 493 235716 393490
268 457 166845 517343
308 405 394101 744011
11 442 541567 544984
364 493 100403 977093
241 444 738586 847367
77 185 647675 721304
255 265 465257 510824
98 313 217325 346365
19 121 29562 154280
162 276 707286 898290
103 208 180318 252269
52 214 280721 535848
87 454 183490 274433
163 236 319280 347516
339 342 94291 784536
4 212 123124 440655
68 83 277404 633858
45 229 210184 341143
105 264 390501 582156
221 477 118003 173282
159 287 356772 750674
139 374 69953 570215
330 340 664505 874333
12 52 513808 690986
63 79 324843 534660
108 337 164212 744843
100 195 262719 663928
222 268 154926 837210
8 333 710382 905599
323 403 42652 796948
243 305 268146 916984
292 316 723746 959131
354 473 254313 258405
99 309 274761 934876
95 294 10561 938688
168 249 681838 900527
289 433 610908 966256
191 208 8907 458433
12 243 501327 726578
60 386 644091 741424
32 181 414756 468693
131 279 259805 723424
77 492 158244 250336
93 174 42377 58771
30 462 8632 631652
237 391 12248 606437
366 485 29926 398222
350 426 42312 53809
30 67 522501 839660
198 305 386626 563084
149 419 20593 544870
444 492 62969 814257
21 453 416258 445909
195 197 130679 944857
62 135 469487 528900
63 336 39648 582717
130 148 422376 867679
305 311 254304 874305
25 82 93525 411249
16 217 741537 907782
42 169 674146 700363
238 354 347393 373151
144 488 358990 405323
137 207 24836 988039
136 267 337940 892514
77 169 260158 728596
194 344 414209 870035
316 413 155745 192581
209 242 119298 409296
40 96 108083 492448
184 437 29758 145890
73 296 687077 727209
62 442 581500 889491
110 448 149648 737803
34 291 96703 668364
349 460 805636 994409
202 283 113706 684649
154 322 186357 792731
442 488 224015 332246
136 322 467575 817549
263 426 390725 707039
39 373 644879 874516
72 242 487570 739273
54 205 373107 733681
239 339 57755 61513
337 392 247869 460185
115 177 62312 684199
125 288 396212 747403
51 103 138127 141775
5 141 16290 418064
99 360 157336 299004
369 416 672110 854255
364 459 432119 773702
200 487 233886 318728
437 453 381039 408593
61 103 155995 852463
205 473 422197 510590
329 379 722427 840260
90 448 376858 537782
168 391 725126 747464
82 106 498827 552806
68 212 152373 871533
148 424 560965 786061
378 459 154875 492082
283 464 153611 430630
195 389 392390 772136
171 188 148993 738855
62 456 596167 980332
158 389 665324 968309
209 222 120681 411721
145 484 197781 433713
8 455 925794 958737
275 471 112347 759517
163 236 444851 531653
145 259 91320 700057
389 453 202193 203838
14 398 170501 404119
181 222 293557 332192
325 472 727269 887779
331 414 449802 846515
188 214 209318 702202
301 322 447559 663404
319 461 55230 547771
68 201 236098 266315
316 433 116006 156569
260 496 409562 700821
83 182 104951 450414
95 318 381134 416567
31 236 83335 439331
58 239 853876 886890
51 471 186751 917998
312 390 394822 939200
120 479 510827 865475
231 388 82647 668666
97 421 635431 912515
266 349 114796 810000
84 335 70479 626493
220 425 299327 996720
69 190 2429 166080
233 480 269211 560901
80 100 203682 651037
183 319 114740 388699
129 132 543606 609397
106 477 240545 819413
292 375 436068 962257
94 329 735394 749635
322 397 432066 554481
301 319 340044 782252
80 398 122216 502286
263 484 678746 753307
413 465 540293 804494
38 370 876057 930161
264 314 689857 882580
142 473 736390 955844
146 409 290871 584298
79 414 366550 510976
187 345 149544 863107
22 350 58204 223986
114 198 764279 882983
87 335 329495 812851
74 500 19059 824993
46 402 218543 561383
105 163 292741 802841
242 370 320069 654214
428 464 33673 863449
165 376 121279 603787
417 425 4261 895012
103 256 36103 707862
181 420 377447 408579
174 181 613688 627121
285 461 422780 856006
54 348 219333 510220
311 392 133976 599134
119 420 623044 771606
336 366 34407 644790
268 473 680892 688154
39 191 96732 720064
204 371 333751 853656
31 165 709661 818570
230 232 37903 260893
36 123 911220 948594
307 325 443642 571637
42 43 88431 601015
162 175 366552 805520
103 365 602968 890235
218 306 260242 845322
100 255 225330 663892
294 486 2574 18961
181 293 211487 967554
42 117 171480 571658
262 436 558949 689024
395 436 438652 925500
467 497 88303 845239
37 480 707488 933624
234 367 449169 814220
12 242 187192 833180
34 85 398678 478502
9 126 66913 566512
35 271 625861 924706
212 430 695926 879710
31 448 94067 300580
56 427 317906 938513
75 422 269084 712786
263 316 100702 899977
7 199 579203 824676
15 214 764285 891588
101 448 184030 205343
11 52 214041 396307
239 351 156777 824459
294 365 344567 611641
224 439 57352 644606
181 338 435036 745307
10 39 222905 259711
75 298 503542 904175
97 384 286608 604556
215 287 500648 636637
453 459 210598 309765
323 406 409613 555164
129 368 54218 301467
25 400 252854 923938
386 417 143312 663194
66 235 563839 881663
118 394 684622 702256
108 121 338892 932412
79 157 143009 526901
25 414 888542 936513
83 244 706360 978643
66 107 418932 463344
125 482 123007 201047
345 360 82709 640829
91 182 343085 573550
303 328 505962 528381
322 336 449749 571634
346 498 755941 854643
2 80 250935 354538
67 218 57400 334233
240 343 33554 258447
7 84 190734 515674
170 189 89224 126491
37 498 171223 611833
208 358 61582 173056
76 206 815285 928996
77 283 169823 546496
55 500 603895 667194
146 193 621730 700747
200 333 377388 653755
2 330 20230 222851
218 452 680428 834684
117 160 250717 853483
192 330 66001 355120
112 175 393964 417967
82 214 61157 250227
256 406 153105 388308
88 415 530492 660441
73 96 221314 883292
327 377 741888 901741
75 443 8486 992604
256 456 598220 879957
131 424 616064 992183
339 489 269394 382642
94 450 422499 534033
216 342 179811 194474
265 267 827643 917476
68 91 475385 569530
142 485 222 210250
178 440 496922 808469
151 453 46941 112985
127 341 218287 832687
37 428 628643 752319
230 292 324805 809996
281 408 369350 637638
19 200 217694 844734
307 355 427943 971795
263 337 452289 985068
265 405 15582 440105
120 383 658391 925662
62 156 554304 893385
205 460 703381 931113
92 370 248292 300462
48 389 415595 465985
206 279 297042 903741
41 309 232805 265683
65 264 189261 645947
4 383 571608 782038
65 263 191774 681269
154 222 612381 708166
24 195 849764 956457
94 293 146299 265358
71 99 28463 959693
259 375 593823 777619
138 379 239769 668872
228 382 621946 967261
34 490 303215 524063
40 447 232228 839415
36 493 500938 689178
328 387 163589 509250
281 337 54064 730595
155 182 371644 840769
37 61 556867 645794
116 479 267740 894605
306 364 286403 418668
104 247 125817 929449
283 346 32462 946738
178 233 58064 474921
127 458 205516 614964
161 284 502959 775073
173 177 420866 567788
155 457 332519 978745
114 264 135273 844218
10 90 290018 469644
107 287 18458 911019
21 285 646094 902292
307 499 165159 261058
368 442 829966 940231
45 449 914106 989551
202 405 838421 891019
194 465 251588 920326
105 135 859921 906322
63 279 190847 287292
83 299 222649 836941
241 350 534 387808
217 390 267613 830500
338 457 320595 773516
158 436 211613 993122
129 200 429799 853115
120 156 332218 713036
327 398 39417 778548
357 409 1197 520001
206 356 520534 901774
33 97 504287 685739
254 341 798498 824881
189 345 173170 307971
270 396 53551 542636
171 241 851139 902120
36 497 146038 962257
86 244 482257 824949
143 441 243075 351390
27 313 514868 855676
56 66 313365 975606
188 252 282147 665127
263 457 852049 982049
168 433 235782 833187
56 77 62651 714390
162 499 244455 887600
26 141 595844 618667
19 338 133534 963903
251 426 398177 455860
438 487 196675 492746
101 223 474794 824885
333 390 531297 577018
408 409 593948 995422
258 399 239876 269250
71 424 220761 887916
302 441 701015 968366
226 404 118341 882894
212 420 127438 155664
83 142 963884 980549
66 267 295527 495180
325 479 290949 402434
176 377 671683 764652
99 247 501764 719187
130 252 203905 631155
150 356 265847 702919
70 136 843711 858583
218 483 487485 807594
48 126 299363 794725
104 311 197158 544333
341 487 553085 825336
100 291 272271 558542
27 229 438584 706048
177 394 311098 657855
29 437 154808 426098
254 419 301318 429934
297 379 238834 612394
52 107 299518 473445
244 354 139534 542881
152 305 214427 530885
30 474 485821 919706
175 219 230803 290247
111 463 48381 232696
130 216 194946 866050
426 444 227884 950131
149 347 217681 999090
61 354 138623 859158
64 401 390042 416094
362 374 714944 852151
306 388 195998 521542
237 268 398335 760730
280 366 109632 325143
75 262 69379 425921
59 262 425010 716615
471 484 92124 656035
18 384 255609 588480
130 231 926619 970552
93 435 57554 638968
181 198 695899 972240
223 329 21041 164403
271 485 98 590323
184 329 233065 457800
167 188 77402 630186
57 165 230788 849362
146 413 673758 731933
225 357 107389 305838
78 274 771602 803287
180 300 50636 452356
30 450 50734 357631
213 298 218731 331782
337 467 296132 965394
345 483 712533 872628
109 290 604560 826465
