100
1779832213
2048639447
18446744073472164657
18446744071852088216
1515417630
18446744072471475952
382825470
18446744071975743557
18446744073114736644
18446744071825646128
573631949
18446744072166467881
18446744073470519152
1946925958
1579882940
1827075228
18446744071747786456
1428657316
2029062684
18446744072970650990
18446744073251026944
18446744073265648284
2054921364
18446744073026075814
1886858160
1488381504
18446744072867426669
219989994
1693452712
582985126
283302942
18446744072287524122
18446744073063968691
1968741744
18446744073024839036
1840252396
700197970
25655696
249849722
18446744072059687344
18446744073232540268
18446744072968013095
18446744072589100480
716834638
18446744073505624100
1394680632
991060602
28496056
1126965313
1269589445
1173733737
18446744071643358624
18446744072083826720
198848962
816349686
85529789
293594549
457420122
557205088
18446744071965427572
1915429275
18446744073382100150
1142383198
1914275975
606609137
583626940
18446744072616191638
1203055028
18446744073226254536
1519256128
18446744071708241399
18446744073136958696
18446744072270851528
1936302884
18446744071603733573
18446744072979052595
874207744
541341536
2046977572
18446744072584829630
1964571408
18446744071631677625
509581312
1749152555
747635084
18446744072396878535
1104030022
419367276
18446744073478368876
633894456
1474182876
18446744072358519185
775682088
18446744072142739782
2007061080
18446744073534685420
18446744073331459516
18446744072319213996
1092301365
18446744073108234532
