100
470196355220438352
175114838283588375
1890399905056826346
881987076792225536
1589698777627044538
431170797267470392
91483063486395545
59585784916561236
2753644417828253800
146873820924128043
346426747921489332
597269558344552592
48166584797626302
66143192389439646
2742844439585709564
888344228874325392
884318825503020150
875622198809789221
812757603686441056
1805925395768951648
252871404196194190
42095617779680712
674585853214827330
1074611419773722061
2561568337552301180
1132211198338450076
1169605291810534920
220613197695315682
1370480917179074216
87540242442993444
957363088764335922
48963260023084832
830218721354992376
648876771059709024
2331705437113940280
252390250537968064
4027203208290382120
887111345297912592
340821535756498930
2306610250894282788
444056252690233926
91781214649200064
2586316280629029834
31731100697010495
938903686491017520
234427326845125257
747988965674613871
673510030833460137
1365065964417623357
580623586815617653
137184764023902987
106917823072399872
588751066436387393
1132250106104468647
436201994769406688
604880874469117680
1580629097270139168
1205168571744136677
1009624899278696714
2020927021209185856
278534385135554823
765558353412153520
2721016214447175675
143368449918712550
413305557080630532
1422870674851605000
821286108862518600
1500781225948771800
32280585461063430
112544678245910715
824663340469121057
1085536271715683050
1711149214574757330
237551126204448243
192228185986178661
32642562222936864
913942095795675171
285651982140696288
681904209486097392
73549846020804392
2350532214280733000
325828298964310064
1029045779720081724
1128389003385360234
715618861632429300
1923014872138501974
618458615313045496
472907032958256256
2857382861315947654
128690091381504555
775447184764413668
1538761988691177255
1212601581672144048
581878818979682835
1677139083544259140
671707058527822811
1927043122268223000
1327722835787095680
1486349447474775455
394913146355329716
