3 214399
47 372539
5 254803
293723 499903
13 455557
11 56099
19 105673
23 33223
270299 499969
151 133417
165983 499969
19 245173
11 262399
250499 499927
424559 499927
5 195907
3 44203
55501 499957
122279 499943
17 252919
37 354763
143063 499943
194867 499571
7 9613
370399 499973
40283 499969
67 415231
19 187721
40459 499973
1201 499903
200927 499973
254929 499903
374009 499679
455737 499969
61 64747
345869 499739
7 11807
13 170483
378893 499957
3 298427
320471 499943
11 61141
3 59971
7 82813
311603 499973
484489 499969
295199 499883
11 372121
3 56263
19 417283
125093 499973
23 411041
11 60293
335897 499957
5 420677
17 447011
5 376099
3 352327
134807 499957
416873 499661
353453 499979
11 335653
5 187711
7 243461
308027 499691
13 252509
3 89071
3 335879
439441 499927
31 484243
134341 499969
19 276113
45523 499903
194309 499973
375359 499943
11 356989
13 195077
170413 499969
229157 499973
268013 499691
3 87679
370603 499943
13 178753
164357 499979
206419 499979
5 115793
13 111347
7 82493
5 468121
7 262469
15427 499957
337949 499957
37 114451
13 219437
13 81359
5 438551
488353 499969
186869 499927
274457 499979
13 444029
