1000
41 467 334 500 169 724 478 358 962 464 705 145 281 827 961 491 995 942 827 436 391 604 902 153 292 382 421 716 718 895 447 726 771 538 869 912 667 299 35 894 703 811 322 333 673 664 141 711 253 868 547 644 662 757 37 859 723 741 529 778 316 35 190 842 288 106 40 942 264 648 446 805 890 729 370 350 6 101 393 548 629 623 84 954 756 840 966 376 931 308 944 439 626 323 537 538 118 82 929 541 833 115 639 658 704 930 977 306 673 386 21 745 924 72 270 829 777 573 97 512 986 290 161 636 355 767 655 574 31 52 350 150 941 724 966 430 107 191 7 337 457 287 753 383 945 909 209 758 221 588 422 946 506 30 413 168 900 591 762 655 410 359 624 537 548 483 595 41 602 350 291 836 374 20 596 21 348 199 668 484 281 734 53 999 418 938 900 788 127 467 728 893 648 483 807 421 310 617 813 514 309 616 935 451 600 249 519 556 798 303 224 8 844 609 989 702 195 485 93 343 523 587 314 503 448 200 458 618 580 796 798 281 589 798 9 157 472 622 538 292 38 179 190 657 958 191 815 888 156 511 202 634 272 55 328 646 362 886 875 433 869 142 844 416 881 998 322 651 21 699 557 476 892 389 75 712 600 510 3 869 861 688 401 789 255 423 2 585 182 285 88 426 617 757 832 932 169 154 721 189 976 329 368 692 425 555 434 549 441 512 145 60 718 753 139 423 279 996 687 529 549 437 866 949 193 195 297 416 286 105 488 282 455 734 114 701 316 671 786 263 313 355 185 53 912 808 832 945 313 756 321 558 646 982 481 144 196 222 129 161 535 450 173 466 44 659 292 439 253 24 154 510 745 649 186 313 474 22 168 18 787 905 958 391 202 625 477 414 314 824 334 874 372 159 833 70 487 297 518 177 773 270 763 668 192 985 102 480 213 627 802 99 527 625 543 924 23 972 61 181 3 432 505 593 725 31 492 142 222 286 64 900 187 360 413 974 270 170 235 833 711 760 896 667 285 550 140 694 695 624 19 125 576 694 658 302 371 466 678 593 851 484 18 464 119 152 800 87 60 926 10 757 170 315 576 227 43 758 164 109 882 86 565 487 577 474 625 627 629 928 423 520 902 962 123 596 737 261 195 525 264 260 202 116 30 326 11 771 411 547 153 520 790 924 188 763 940 851 662 829 900 713 958 578 365 7 477 200 58 439 303 760 357 324 477 108 113 887 801 850 460 428 993 384 405 540 111 704 835 356 72 350 823 485 556 216 626 357 526 357 337 271 869 361 896 22 617 112 717 696 585 41 423 129 229 565 559 932 296 855 53 962 584 734 654 972 457 369 532 963 607 483 911 635 67 848 675 938 223 142 754 511 741 175 459 825 221 870 626 934 205 783 850 398 279 701 193 734 637 534 556 993 176 705 962 548 881 300 413 641 855 855 142 462 611 877 424 678 752 443 296 673 40 313 875 72 818 610 17 932 112 695 169 831 40 488 685 90 497 589 990 145 353 314 651 740 44 258 335 759 192 605 264 181 503 829 775 608 292 997 549 556 561 627 467 541 129 240 813 174 601 77 215 683 213 992 824 601 392 759 670 428 27 84 75 786 498 970 287 847 604 503 221 663 706 363 10 171 489 240 164 542 619 913 591 704 818 232 750 205 975 539 303 422 98 247 584 648 971 864 913 75 545 712 546 678 769 262 519 985 289 944 865 540 245 508 318 870 601 323 132 472 152 87 570 763 901 103 423 527 600 969 15 565 28 543 347 88 943 637 409 463 49 681 588 342 608 60 221 758 954 888 146 690 949 843 430 620 748 67 536 783 35 226 185 38 853 629 224 748 923 359 257 766 944 955 318 726 411 25 355 1 549 496 584 515 964 342 75 913 142 196 948 72 426 606 173 429 404 705 626 812 375 93 565 36 736 141 814 994 256 652 936 838 482 355 15 131 230 841 625 11 637 186 690 650 662 634 893 353 416 452 8 262 233 454 303 634 303 256 148 124 317 213 109 28 200 80 318 858 50 155 361 264 903 676 643 909 902 561 489 948 282 653 674 220 402 923 831 369 878 259 8 619 971 3 945 781 504 392 685 313 698 589 722 938 37 410 461 234 508 961 959 493 515 269 937 869 58 700 971 264 117 215 555 815 330 39 212 288 82 954 85 710 484 774 380 815 951 541 115 679 110 898 73 788 977 132 956 689 113 8 941 790 723 363 28 184 778 200 71 885 974 71 333 867 153 295 168 825 676 629 650 598 309 693 686 80 116 249 
1000
528 667
679 864
405 421
816 826
516 726
87 666
681 964
340 686
21 662
64 721
309 415
873 902
124 941
745 762
423 531
268 806
318 602
307 907
12 481
136 630
114 809
84 556
290 293
152 996
54 345
248 708
491 712
114 131
439 958
704 722
52 995
269 479
238 423
866 918
498 659
196 486
462 633
22 158
146 392
37 925
458 647
602 807
98 830
292 600
278 799
352 448
540 882
315 575
567 762
336 397
418 897
828 851
230 816
449 925
229 658
520 940
147 560
162 655
675 792
361 754
146 398
714 946
188 569
638 663
75 515
475 521
528 615
234 570
464 905
557 962
161 524
469 549
330 923
333 350
910 925
336 737
278 337
393 636
164 714
591 949
135 505
4 337
337 623
664 970
568 608
85 281
152 373
194 652
826 876
396 572
249 640
174 819
611 943
289 941
419 565
585 805
216 450
609 615
64 166
74 893
300 509
573 695
161 589
172 968
31 358
268 426
422 510
774 779
552 910
182 391
495 764
364 874
255 902
460 474
821 972
122 547
577 789
195 605
594 950
343 754
12 481
439 672
428 912
762 967
408 415
223 908
434 759
204 486
319 958
806 945
166 700
367 692
532 787
556 974
21 447
222 283
331 376
583 948
723 982
18 776
111 220
182 856
490 925
324 486
677 969
534 643
668 677
68 991
196 783
727 828
426 871
612 697
27 703
408 545
185 508
237 238
313 443
501 850
111 128
149 650
192 454
681 869
267 465
713 793
472 634
830 972
442 901
177 877
702 770
364 381
590 823
23 237
179 595
169 327
42 310
58 182
487 926
528 670
258 651
213 860
286 783
610 742
128 472
434 841
503 718
865 867
881 938
257 750
598 614
458 661
63 756
278 807
435 489
75 365
386 586
360 833
48 330
492 928
433 840
735 766
599 810
837 892
328 982
352 369
244 794
252 608
432 647
208 535
264 497
243 649
15 841
100 189
648 812
523 851
474 633
200 891
854 990
697 919
578 780
544 931
340 487
525 899
483 538
193 492
11 252
560 834
497 840
529 785
540 805
392 791
210 549
578 979
277 971
73 193
497 620
276 826
582 790
159 578
418 489
159 449
72 924
8 380
208 967
477 503
370 607
74 196
611 722
19 761
56 890
163 683
716 932
452 741
813 954
396 862
460 615
599 904
136 680
32 198
387 584
240 517
6 670
241 882
249 523
105 758
95 621
296 916
178 678
58 579
577 750
7 729
81 995
676 678
753 899
565 784
93 608
172 243
514 929
55 168
191 973
748 922
651 986
144 446
517 577
629 916
791 874
469 912
146 693
91 815
857 949
52 640
236 551
226 487
162 955
183 394
97 180
65 65
261 513
78 578
140 878
611 947
170 445
489 975
149 750
333 865
214 282
7 432
367 896
522 882
641 810
187 231
479 705
321 538
351 447
208 646
276 759
189 422
486 666
28 455
614 860
253 777
348 503
431 861
82 455
106 197
752 821
281 296
21 455
124 947
135 318
376 774
859 998
74 253
635 922
643 888
153 232
680 747
678 926
450 801
199 961
363 855
573 716
245 561
274 473
353 550
181 287
110 699
465 643
172 529
112 981
381 476
247 890
671 805
32 372
320 989
165 431
293 658
206 578
206 948
166 171
396 697
20 694
529 788
109 984
969 978
15 617
626 684
168 906
97 928
118 390
199 785
199 486
420 710
271 813
85 415
318 580
267 331
387 444
186 507
360 827
74 431
152 271
268 693
337 885
311 604
406 677
22 768
0 413
537 542
38 388
289 355
181 647
93 584
761 987
217 493
482 501
447 665
104 753
84 95
221 525
781 964
106 872
343 656
80 593
80 868
411 713
251 968
79 216
40 768
531 933
663 779
259 653
95 936
365 874
720 835
680 976
455 725
71 808
156 559
602 832
440 905
375 562
885 962
80 836
202 797
80 508
76 340
58 493
546 740
474 773
97 880
72 335
400 707
666 955
141 588
168 481
315 396
9 225
12 136
455 762
43 742
21 922
248 512
18 368
714 717
290 650
335 759
169 895
303 640
199 979
105 791
661 681
652 753
29 33
42 987
83 253
420 814
244 718
63 229
652 864
470 769
5 47
487 594
276 326
323 540
679 990
588 710
271 945
221 470
183 589
955 978
6 779
135 262
196 487
33 88
779 935
790 993
962 965
1 105
567 807
134 669
457 671
545 998
218 597
838 844
372 563
28 264
723 801
490 604
227 601
197 692
363 771
301 363
565 721
421 445
495 610
22 741
151 812
15 55
393 738
279 882
608 654
707 822
245 338
144 290
154 339
604 623
78 225
724 981
330 733
223 594
130 846
445 987
616 805
489 750
338 963
135 697
209 630
224 908
474 737
372 920
293 855
561 734
56 606
75 184
119 382
432 741
684 779
279 283
667 836
118 125
28 737
119 577
91 737
556 795
60 901
432 793
136 580
875 907
74 184
719 790
41 476
329 351
290 974
72 591
189 787
239 490
53 893
63 681
5 903
176 479
139 695
468 998
83 639
515 621
826 993
722 838
581 828
399 978
23 891
834 943
243 349
702 707
141 502
346 687
637 891
400 413
690 816
162 935
126 410
382 877
189 260
705 874
663 722
195 566
38 360
588 811
245 467
425 867
189 542
63 547
502 617
23 99
203 226
48 51
570 636
458 967
405 456
531 962
819 975
531 556
44 495
591 803
388 915
319 450
272 791
133 383
642 775
300 569
78 954
257 585
333 893
103 490
233 750
271 722
611 990
338 641
47 258
352 658
302 479
683 990
2 568
422 895
8 135
361 742
194 699
178 188
42 357
847 941
345 469
380 913
710 964
61 385
73 504
462 703
69 102
154 529
74 552
149 730
244 844
49 118
65 363
552 773
470 731
511 747
398 869
103 498
352 679
43 53
88 522
563 834
22 850
240 911
492 651
477 580
616 876
178 220
348 615
179 798
635 857
662 883
262 902
420 770
22 273
686 841
888 917
717 892
267 698
65 749
389 932
81 619
3 130
28 631
152 589
172 630
407 864
295 428
490 681
177 610
71 236
459 643
633 840
37 893
274 630
782 993
203 461
290 662
307 997
151 423
717 890
640 703
566 883
659 661
245 386
651 765
601 840
209 497
250 283
58 421
175 581
271 787
287 999
504 979
138 700
461 530
118 205
540 828
459 622
398 760
98 935
481 614
493 567
161 596
538 746
538 670
476 555
371 917
752 760
433 758
65 255
401 726
34 759
393 548
273 792
193 933
103 137
211 690
668 694
498 627
248 989
647 879
149 931
669 875
449 598
436 599
123 443
154 731
434 861
385 967
393 816
704 866
308 953
223 684
667 792
48 469
811 930
90 814
427 743
599 604
195 474
158 506
589 858
809 889
40 447
364 818
26 975
89 503
66 412
570 840
395 676
641 986
109 651
83 187
85 390
250 686
381 755
128 502
277 862
424 565
832 872
428 885
646 889
478 883
265 925
45 260
778 821
520 855
773 927
134 251
336 675
1 334
310 737
590 974
71 356
80 935
145 282
718 825
573 712
37 998
162 905
692 717
47 539
103 946
115 231
839 858
645 829
199 394
272 645
675 862
72 773
238 480
542 897
203 608
125 277
134 401
78 382
169 736
478 939
138 721
426 663
575 677
724 981
700 961
2 862
95 448
16 684
137 507
284 993
259 944
58 821
643 668
119 677
41 857
264 891
623 915
72 929
715 841
536 615
759 957
452 700
93 241
448 829
227 798
224 324
133 274
38 885
170 862
84 629
878 909
85 923
24 400
105 193
412 765
407 767
677 784
704 790
834 891
85 621
190 734
542 998
18 86
424 621
376 597
254 669
108 927
68 493
102 366
438 600
318 819
290 984
339 556
632 808
478 814
239 787
20 74
554 827
441 988
642 798
2 321
104 946
56 509
708 833
533 761
686 804
142 385
260 842
161 620
343 578
113 187
63 591
415 934
656 761
12 411
251 959
370 738
124 507
7 584
101 951
489 958
441 790
13 412
60 855
93 472
402 676
373 543
266 651
275 528
532 761
469 503
107 729
451 892
392 953
519 570
407 472
494 505
383 440
262 409
38 607
360 471
171 654
514 947
229 523
489 766
756 887
470 632
666 739
283 522
160 553
91 705
259 386
629 687
42 317
45 356
388 452
154 466
760 833
631 919
267 738
98 776
314 320
7 53
216 469
722 842
7 463
260 947
630 793
43 717
314 376
117 626
334 620
171 792
154 964
693 866
664 775
0 212
100 551
379 476
877 943
361 789
272 385
144 434
561 563
504 946
308 888
157 430
123 464
74 346
837 981
318 611
292 591
123 832
461 991
330 461
369 498
291 400
117 179
317 914
441 595
867 936
28 453
909 973
503 981
569 816
367 883
385 402
157 230
567 681
310 866
171 687
245 477
238 764
47 671
115 592
311 657
53 405
171 580
530 740
320 675
377 790
586 998
489 604
631 744
388 610
718 919
259 927
119 609
479 716
300 396
458 853
593 830
806 849
272 854
160 294
54 333
146 229
428 471
241 559
421 688
33 366
270 685
261 329
