500 1500
333 408 189581 961378
215 241 930523 950310
63 244 420330 504138
125 318 604317 731421
207 352 695531 952452
177 496 698639 787180
30 383 778851 877551
275 335 153380 379608
94 461 315335 340985
27 359 265644 733622
274 473 237760 828750
76 142 76522 898348
280 473 182127 593879
17 149 485658 879884
8 398 273786 662173
165 194 558132 590788
468 477 791003 906122
117 178 40977 931303
88 441 760053 764082
15 426 662430 858646
160 251 40772 202251
28 281 82134 250777
141 419 429301 812334
284 436 102264 403121
94 251 155281 409619
95 210 86583 404150
182 487 399196 684584
13 413 130515 257842
24 465 217551 332765
98 399 197738 984679
169 480 10071 102956
44 263 353366 721572
137 190 268847 508646
80 136 189348 860169
419 431 223183 775716
295 409 353697 889670
374 461 107220 255323
211 399 421232 453060
130 230 40539 939992
25 110 293357 664162
151 354 507786 933008
207 434 367954 420852
22 490 644034 766284
230 430 91155 655954
25 42 346477 818253
36 275 755836 910004
18 374 366348 688042
56 484 352203 968134
62 410 440695 992272
77 121 861546 985610
98 431 746528 751893
12 198 736553 837682
75 159 71157 607849
46 492 34205 279063
52 366 698201 967105
107 159 182686 587368
73 457 28062 110193
386 459 95802 104483
46 241 367362 480252
44 96 524670 733157
54 165 405599 648870
9 74 201014 803726
470 477 501926 692936
111 128 190052 280303
217 420 300244 943805
45 175 174916 564639
1 443 81038 171519
27 44 122059 558949
192 428 405700 480899
354 412 86682 725777
202 381 295969 402861
164 272 320935 592912
8 340 148014 264739
230 404 598346 839281
152 230 195735 931125
178 293 206221 490073
73 471 575426 611920
196 383 178459 535615
249 428 26765 454827
51 239 347699 484390
246 290 148755 779149
19 388 752248 893847
39 81 683372 979716
296 374 12446 185937
208 266 104223 830000
181 256 766356 881967
293 460 793120 840510
319 383 841251 874480
6 460 169981 260478
245 327 42283 529077
300 407 77132 538350
95 138 595712 605929
151 346 239453 942064
184 382 5808 298995
174 280 139505 578057
255 450 758409 968888
112 368 497856 535238
166 194 56490 872453
340 465 244411 465936
365 477 356474 906674
37 367 146126 323902
286 418 622897 832444
401 417 472366 926852
7 239 262971 747126
107 363 237300 277178
28 168 626104 688844
7 40 763983 933254
79 404 187009 462270
116 486 259885 302524
271 420 17687 92328
172 179 6404 980030
29 270 243000 465876
178 391 219527 415270
131 345 298703 620465
70 170 579037 617925
45 149 497116 596546
31 69 649653 757000
180 488 183692 545011
95 210 332479 525041
40 124 495866 798354
69 381 174765 427488
363 452 317532 473467
22 356 451808 994170
353 400 466782 491285
136 274 632787 804613
315 478 31525 349624
164 424 466547 880355
203 209 478765 963624
252 441 138388 592803
203 355 426686 588576
210 493 31961 99097
197 233 15095 906970
369 381 518035 711583
206 210 65911 503633
266 369 94923 970180
296 326 58546 354266
47 286 342101 947068
140 253 22201 930677
245 273 211793 570513
6 107 118763 524226
339 345 558612 730548
23 402 234181 860122
140 212 228465 471396
7 294 73905 582730
79 297 416005 601070
181 401 139622 188497
134 306 400289 545663
51 93 69888 78283
247 499 790000 808831
363 373 650121 856512
369 426 84976 998784
57 162 72688 443740
192 205 561161 650105
225 282 244530 354953
242 267 306544 739359
144 283 172743 333994
133 324 807006 962742
38 215 14963 179869
83 345 13746 451244
253 433 195458 411335
476 495 443200 845562
15 276 116894 204081
108 124 262751 372605
98 406 435493 441039
87 273 584310 764396
264 301 115624 810883
221 460 690713 778478
5 312 339980 886170
83 158 299532 351933
449 464 437056 985178
282 440 216159 966697
3 379 407735 430151
89 482 126389 530812
98 435 453623 874557
100 155 81621 540659
142 263 396991 616920
22 77 213525 485204
337 382 166933 279776
91 163 246473 408894
59 445 150034 355396
41 208 8138 792774
249 494 399046 857501
19 348 449463 914511
1 160 66382 729736
374 438 459613 757211
171 397 553338 882833
310 339 109783 808078
369 474 345761 776168
181 442 98674 870250
190 295 472526 842889
37 165 263825 808703
37 437 509912 739263
374 376 12825 514044
162 272 671110 913228
306 472 297245 852692
279 412 198452 450811
201 205 65836 490394
347 362 637012 849635
337 398 140286 417188
273 451 25498 879548
224 327 74450 539541
121 386 261912 857209
156 426 91556 709900
67 203 307624 542366
201 255 798017 864101
3 62 17464 588311
151 192 728597 904816
454 496 840132 930314
206 220 24457 914581
326 344 162103 881665
416 499 253658 400918
23 118 542372 708541
76 409 583489 922824
264 288 41955 171800
290 396 463122 802095
391 435 558110 642226
141 159 582566 851318
2 82 13421 534353
78 497 137466 935270
162 453 196189 500028
13 70 83516 402685
152 315 960991 983293
113 210 301740 696953
47 465 255062 713539
123 480 299477 564857
61 277 833829 939410
98 354 593227 941158
111 416 145032 441185
53 280 516783 547717
207 219 16427 484781
166 319 181733 266718
131 146 795605 980256
112 125 95081 158038
240 261 1446 613799
25 210 176320 942603
140 440 321352 937571
192 420 454353 753910
126 280 238690 343297
274 297 83779 610014
121 420 713396 879384
85 316 387785 807824
77 83 183138 325621
108 224 359458 721399
161 215 625906 658970
80 174 476705 896167
209 305 336353 922102
334 366 5880 994253
115 487 221071 224001
283 285 545246 861211
367 368 44348 338327
157 442 59725 340156
46 317 482413 699896
220 431 692953 997876
139 305 436329 650473
23 209 61361 161077
77 175 768957 798783
28 362 126581 146519
367 394 386687 464907
23 131 228340 726842
177 254 140748 444587
37 39 166675 654975
196 304 333499 691570
364 428 410038 752930
212 356 695347 909217
91 217 552149 626985
55 83 176458 530023
186 365 817714 921149
87 470 474813 603006
126 287 219173 286033
90 383 270953 910742
23 162 197343 575518
41 234 143824 484734
235 257 287160 832692
183 289 9149 628326
149 399 89220 962391
203 235 692226 864712
110 342 83884 304431
477 492 91736 293654
351 430 869171 939084
256 470 498078 599260
271 490 330769 510131
269 305 138456 843055
347 417 631652 932275
49 500 137742 496363
99 109 265952 442173
260 427 75957 331278
41 127 586510 786713
235 324 271576 600939
95 208 557751 781706
162 476 90893 400806
360 432 75408 238896
110 431 109391 729502
26 208 891694 988487
151 285 110325 319764
129 476 213186 760863
124 152 346598 548791
183 496 50159 904348
5 9 304368 657403
150 436 661218 896128
129 259 286960 528819
154 154 517305 568290
68 304 91784 678614
151 395 368999 985046
126 289 809 847995
136 343 531645 567319
73 199 761135 836012
222 491 817980 938704
119 164 187772 346798
169 454 583324 756061
21 26 193768 675107
28 105 130506 695165
160 393 647666 726529
354 484 774525 902052
36 408 142481 179538
27 242 249497 960460
110 257 437269 780925
63 181 364248 937936
59 206 52586 648055
71 311 78055 183091
230 256 320935 730935
91 459 149339 550850
347 376 597725 693330
142 469 340077 847221
103 341 230517 637353
100 374 203932 684804
158 358 673468 772869
281 312 267874 627862
309 419 358797 897862
119 135 422965 448711
41 362 316831 537041
34 262 173259 338636
112 454 569152 728327
63 456 402220 448610
165 331 75687 811945
142 413 29560 439807
103 221 165691 927421
89 484 176450 588656
196 376 9632 379409
309 391 244115 718044
2 47 322064 488793
2 403 160667 724284
233 322 401726 488963
86 269 141306 947637
58 223 66811 306997
4 393 243261 834768
51 392 596712 730528
134 423 840826 945635
469 470 342323 784051
186 224 19341 491308
7 303 33593 893033
72 170 680794 691250
79 98 32323 263957
217 453 383442 497004
460 469 228594 610067
244 391 363711 690580
130 213 112937 706033
225 315 120596 356674
28 129 390266 703451
150 367 119080 900596
52 317 71769 151402
120 343 85124 464580
190 311 209525 244053
104 433 124115 475646
148 234 104934 874048
29 224 230721 854603
9 338 126158 558053
1 57 761589 880373
404 490 360376 952141
265 332 341307 612994
306 331 373398 911239
13 434 342019 903236
12 169 432235 732419
49 139 286838 505558
242 329 148067 868385
94 156 265109 508498
101 497 385225 786829
31 365 536023 916174
72 361 244646 447261
84 496 147447 586665
16 83 579681 625064
73 370 646973 931753
392 464 113057 316489
47 97 137906 560043
130 198 602414 863223
160 397 43372 138436
196 320 288018 888755
34 43 36201 327558
233 468 25040 468974
298 455 291918 473145
133 189 164735 921326
230 232 202779 241130
213 352 805192 864725
100 480 501771 908096
27 465 14570 390525
77 350 846317 858479
162 304 387709 623116
102 353 419790 915033
358 485 538066 584525
6 441 510654 740844
209 388 362809 375378
325 367 84393 864579
290 456 132139 615314
32 293 494808 822545
16 96 310049 445660
44 220 426556 729839
215 254 641694 964622
220 317 135428 668699
56 76 14588 839274
19 253 440019 872542
332 474 397857 521032
339 476 220402 879424
206 413 189472 674425
310 457 100981 805562
24 454 439095 963607
122 306 574523 637030
233 462 476303 552985
321 480 184305 425526
5 410 98514 533480
100 267 409806 929255
179 227 593487 600582
62 388 304412 915400
7 367 259858 636341
312 380 273370 704044
172 194 257029 957173
345 406 657830 670349
167 343 173267 720180
435 461 125639 583072
5 13 235478 838900
377 419 143311 717785
21 383 57546 354125
252 346 277942 726445
18 470 199970 592214
227 299 428394 778914
93 493 118012 238453
379 435 880443 949391
420 439 788291 835357
149 453 69494 329383
118 473 637725 903281
222 316 364169 493685
43 138 85898 482769
288 311 68780 427514
255 377 545134 823584
27 311 196750 494524
298 314 32106 635798
99 267 614591 965181
69 313 125384 252315
34 336 135420 798576
317 325 151613 281344
210 479 482733 736744
86 328 27866 566397
242 354 117003 279498
55 455 568673 752801
333 406 3826 699616
145 430 185178 645561
117 480 814442 983753
296 448 121126 966054
9 149 326447 603858
76 476 560181 892843
192 317 24723 193536
146 336 109748 478903
20 363 316164 482728
144 288 17693 878761
267 297 427914 693202
96 107 338605 549039
107 249 206935 665051
245 324 283467 520492
2 288 545214 795933
189 313 274836 636708
27 415 469223 774671
203 415 169783 311469
63 336 255735 336659
273 442 675263 982400
21 165 189334 807696
261 301 328187 726548
253 302 38832 405843
19 65 42550 574444
125 434 349114 506136
39 396 333956 552454
190 231 889112 969524
226 463 384835 951923
109 242 192531 901002
69 409 596562 627549
321 380 2404 504238
306 399 78681 116684
146 430 620820 622819
126 393 173273 393975
316 384 879850 973630
272 461 113202 874816
198 232 14203 136140
103 267 249054 563939
457 483 584528 837233
114 208 470268 918543
205 438 103097 539363
63 135 497071 661730
371 420 635359 950831
27 44 64033 730775
87 224 383267 747342
190 320 93524 311281
128 160 447108 729242
220 375 164136 715424
312 498 609374 818521
443 485 223855 271104
215 314 174685 966610
69 340 575916 697384
2 8 323257 618697
173 389 662153 712220
327 401 391394 671120
29 53 119864 386543
379 415 245589 707863
192 358 794924 931717
253 358 421549 761533
174 268 760181 997464
73 270 834294 895229
313 448 496446 583713
126 191 254832 392530
72 227 251450 512393
141 481 475664 948850
25 380 246882 743773
305 484 184782 957009
73 98 569194 717189
22 417 403487 556334
216 285 535693 656399
82 475 296546 928222
160 466 64347 980801
10 447 22323 446002
241 275 10225 785556
337 431 208355 483585
274 434 293900 720955
42 239 582110 793641
23 391 117802 966849
324 376 11984 779747
93 341 750639 992784
137 455 364195 772961
16 263 872694 890771
205 356 597400 714138
152 481 421022 951445
390 437 519483 767764
285 327 138150 734612
12 358 150133 235352
268 451 258905 502343
303 405 139451 792019
171 222 181064 395375
429 464 12409 625864
115 160 323856 949782
96 265 91619 99274
230 401 338912 753776
88 260 90615 215390
309 380 210284 990646
96 112 251134 518654
169 218 113949 162860
75 181 180647 642709
235 343 20854 270182
107 472 369456 717359
53 83 572622 795640
88 342 527381 655721
26 397 189860 382356
10 474 841142 957345
204 227 595259 955091
130 151 292257 856716
110 493 126898 317451
81 205 34809 880633
139 282 192625 228480
5 222 108618 884201
383 408 814829 918856
173 417 759997 800995
228 439 350357 396253
9 90 84934 723425
322 470 402385 943550
45 378 340535 548016
11 179 292847 413400
15 47 522017 523897
307 345 676575 959104
101 369 34096 477570
174 391 328832 900804
183 228 413766 596652
2 49 56554 370278
46 440 434645 879724
450 492 248816 293123
390 491 289065 897196
168 187 573771 810055
120 192 844150 950511
365 454 552899 795694
181 459 149551 360082
312 456 246711 344358
247 356 115196 740433
199 408 346088 880363
398 427 582437 759636
95 258 392491 417566
449 493 368076 375313
122 298 899830 928212
80 114 464244 776263
326 421 808601 985167
33 385 616714 662231
76 292 13042 524670
3 305 595478 600449
320 414 18014 67862
164 442 304313 959527
63 238 204143 988494
203 257 452737 831123
82 189 773114 816289
2 74 458365 951696
366 429 629283 987758
22 235 229731 927436
97 407 377570 995297
323 390 281804 681883
377 412 357114 786649
133 238 188236 451567
376 426 741032 892851
228 229 867568 916658
325 445 545940 962466
23 412 558818 889901
198 471 271712 936387
121 372 553515 715284
163 497 588749 952482
337 400 145678 920400
212 283 554880 800793
362 447 72306 233802
93 272 34772 749035
24 467 307852 676937
90 221 198945 948648
14 211 430580 948559
29 328 417392 487280
143 164 632957 643228
337 426 418787 444020
135 173 7445 920758
216 265 594732 669792
143 239 325812 788020
20 85 41108 666147
33 187 131057 146561
14 449 150193 320030
149 443 467220 963257
128 337 613972 886007
300 303 51081 124416
18 373 235499 451608
367 371 293771 469451
378 390 580774 651949
6 64 243687 813930
306 379 133959 766748
67 379 180716 233968
46 326 171345 311039
128 471 14497 812112
343 463 330562 466104
227 333 413074 800012
104 313 417668 993847
318 385 599123 747949
259 263 357494 882222
189 325 54561 65370
366 451 314993 753066
29 421 359764 845841
297 491 265675 690325
23 188 678748 715626
352 447 242669 649645
93 331 606946 841791
13 351 324027 964439
53 499 625419 905748
313 449 456763 661369
342 456 537484 902184
160 252 167859 751774
106 200 467399 758551
396 404 1220 494735
340 362 343191 618032
226 470 183569 472631
317 320 535120 614401
15 481 521174 712840
324 470 53721 423358
68 335 778034 805494
25 245 22429 52937
8 140 517163 969979
194 221 562299 829521
15 442 34929 351834
258 329 399590 886953
195 292 159665 920764
467 473 393654 729737
40 231 438564 688039
327 475 460992 779818
6 334 274055 749796
51 169 836353 896417
133 462 760219 764602
54 313 306507 676160
198 423 466171 650516
395 408 44169 425434
60 490 380350 604668
34 341 333720 384485
132 199 514601 607774
152 478 404113 411018
110 119 680683 901422
25 343 207928 627574
265 451 794441 927512
210 462 666551 869297
21 146 109406 271218
202 339 443125 459537
333 398 490489 568985
358 375 359484 489449
132 477 453353 777257
37 474 597278 997090
218 487 594696 924601
179 398 777598 866551
43 315 167233 975957
81 368 143121 527200
110 331 612536 997705
467 485 161295 873541
149 468 315441 614647
185 424 312530 360671
483 494 383024 471718
315 380 107274 249575
31 481 35348 274507
111 127 78900 630941
236 287 144998 619055
123 390 614590 780349
38 348 370723 930030
271 412 247745 759616
315 394 59773 142640
214 481 683398 815962
244 404 778706 851309
60 383 459470 925999
347 496 78524 480469
237 373 95059 824274
72 440 711348 926194
351 445 329096 685810
259 449 712739 905220
118 162 45052 354757
361 373 649814 954755
312 420 414225 513618
159 248 285395 994087
472 497 154543 626021
288 368 80737 479991
164 398 40422 809086
306 346 269513 848359
64 423 365795 719467
276 280 586548 836902
92 126 100165 108250
103 225 128197 393645
17 451 799091 912091
179 236 392081 718900
76 166 275673 790421
185 323 155131 251097
97 249 103376 616892
229 293 689923 705320
270 440 329921 481494
394 417 126042 165845
133 433 77935 165669
311 367 387 884568
32 240 135707 307159
142 277 386803 597877
194 238 129818 701252
27 338 351489 711459
410 466 192953 647359
178 494 213611 329555
341 478 81789 895631
50 207 598527 614091
141 185 194917 749797
99 178 770268 792793
145 397 146834 900085
74 423 648240 858293
97 335 811950 887012
90 357 163420 616974
104 197 245208 491904
86 153 105994 782294
122 290 182800 493562
207 240 165384 953067
103 151 247377 312218
10 76 70410 411968
106 269 141047 473774
125 247 820818 979822
203 377 928855 988077
422 462 227500 724584
62 211 423735 974950
120 153 656686 853222
155 403 616950 883731
264 417 393869 470492
185 265 51267 683662
85 364 663483 671066
59 313 116272 913275
124 332 154210 244542
185 296 137656 735843
28 448 250102 990877
178 282 133832 533545
176 446 443765 954982
292 384 132655 638643
125 468 320072 370632
35 344 248366 283906
467 467 9259 394003
262 454 36209 531658
333 386 48115 286311
63 494 581659 832508
169 276 303841 638461
159 484 771115 952978
39 460 323609 747347
15 382 512064 856700
175 333 127095 250702
128 211 163303 985812
96 113 17010 550278
289 459 365869 959627
64 209 598087 743222
54 192 373152 696199
92 159 53325 120498
25 61 738358 910024
77 235 485714 865452
254 287 471526 829734
155 219 846743 897177
111 443 376506 856803
242 319 119727 494511
147 277 382590 384014
363 436 528460 952266
275 289 266817 840010
120 217 547855 842075
374 452 188444 377588
107 182 85620 554549
274 292 351962 447407
367 485 362824 835865
262 337 218454 800549
51 71 453826 845360
29 211 121427 810187
148 261 470873 669281
65 220 175668 366671
139 401 437571 773544
265 477 125506 699131
181 462 51348 900575
153 370 217475 551920
224 334 5745 538934
214 431 1214 660361
44 493 983108 988438
65 106 349778 745817
200 244 519361 694508
177 218 157138 909991
338 398 574064 950119
38 490 502039 737065
135 371 275999 578437
66 211 340961 579650
55 439 324068 740619
44 197 486436 706640
296 396 682572 917499
341 365 356061 365614
30 124 315733 569020
123 161 92384 822436
257 434 187172 714674
144 173 55634 366199
111 201 132507 623169
104 249 355498 580145
251 496 315115 779068
129 337 197081 438366
104 313 523737 819617
173 435 428352 721543
375 458 28454 436217
47 202 299009 394652
172 255 431515 990503
12 276 570647 791878
67 360 193196 623345
195 425 99150 147913
2 89 435118 696523
26 469 11483 934417
133 343 556288 926741
187 439 225750 799441
116 463 645238 789943
128 442 536987 953467
8 311 246534 260554
235 298 763175 876055
151 173 665676 976049
466 493 193511 202688
298 450 129428 692636
29 89 218551 492076
145 371 5772 380140
106 312 59110 934671
269 495 195224 340355
144 278 103530 864295
78 302 529970 589795
43 332 787493 792482
261 482 480128 723070
56 290 354934 457972
111 426 478589 877057
18 68 114836 413259
12 482 455191 523655
111 220 387949 611265
271 297 144692 201059
392 454 448536 696435
152 163 774293 935856
70 327 129226 220495
134 289 436357 699083
151 193 67544 249662
26 234 289669 949637
117 305 560901 752454
239 311 818693 897145
54 180 252705 515127
194 483 240616 543350
75 161 109450 461110
45 209 545806 686711
89 349 575115 936373
41 435 41103 250239
3 9 48248 519044
165 188 383292 701218
219 270 470274 585265
104 123 743265 825880
50 341 852714 914110
237 371 600820 817826
44 71 213357 392940
42 436 215945 463596
396 491 780544 949060
179 335 166629 709749
254 456 295013 477060
229 392 220324 885778
85 389 316239 436821
111 410 65181 254646
85 454 278538 282889
126 485 15185 150373
228 475 189005 615784
412 414 87222 415106
18 118 135246 564281
362 456 537375 787946
113 344 741118 910954
264 374 492486 806679
200 375 605920 757678
104 359 819686 908050
184 334 525042 925449
97 147 12670 274614
117 450 409859 513978
233 257 800952 818275
197 392 120571 711905
7 243 231207 927249
117 168 70328 988884
124 433 120159 406365
118 406 45607 759715
53 277 34328 38169
78 187 62187 68498
124 271 224968 863138
15 395 550374 861890
137 490 336605 781580
10 315 406932 541985
148 247 120865 662143
54 249 648958 880579
258 377 203478 950307
444 475 12493 299567
98 482 40886 153964
127 376 220689 295512
116 268 595977 632117
82 400 137961 989181
48 103 626397 662453
204 475 306580 311410
84 239 330028 773238
82 213 145946 494662
64 331 164977 177439
166 457 846924 989303
285 419 193367 442901
170 213 94569 698899
295 316 273373 921519
121 134 744450 803204
40 372 435584 649583
28 121 30184 446597
210 426 104666 207623
91 425 417875 467942
195 342 127593 544216
54 491 155137 421721
9 137 16757 859591
41 143 178366 336313
80 395 613950 974200
275 398 520736 796484
210 323 417502 734765
134 443 292680 668992
84 136 353247 837041
383 427 258762 323915
244 352 340672 982886
244 336 161251 876823
52 82 367375 993356
302 462 306192 605976
45 171 340741 607156
232 339 416187 954474
167 433 791514 978445
275 316 247411 302360
383 479 230296 923722
218 398 48299 316897
123 302 558007 616955
50 84 222930 770606
22 94 262432 377761
105 447 733257 928772
270 379 357546 423568
397 427 604956 776375
103 161 216448 754378
344 353 8006 319029
318 387 141312 855401
241 436 626006 910881
115 118 173312 566719
68 416 495490 910147
58 189 39085 267692
336 500 331811 562997
259 454 549158 833726
106 454 73515 848272
326 344 352779 703672
30 419 56033 263659
322 499 622751 712915
93 241 323930 623061
2 104 363014 747689
177 455 85761 827037
263 435 151270 357388
220 285 205659 425064
183 462 51380 294194
64 353 623764 670562
15 26 403767 899828
240 459 467460 727696
61 196 275150 731500
37 237 577671 877262
32 299 451411 581870
316 421 6933 725629
103 479 777009 903518
183 272 90432 919208
138 259 322974 561096
21 499 508546 544907
82 407 508670 783695
295 457 86945 602693
103 340 668814 975507
23 99 342978 701135
77 143 246495 901259
267 426 558904 820466
37 292 389387 636352
110 312 897932 917245
126 368 841662 942267
434 459 64773 928606
61 272 40279 342935
266 370 685912 831798
407 408 647526 733056
184 373 629220 722782
133 164 18606 472828
37 94 579814 906424
15 190 937827 973448
148 285 509060 554573
56 203 802425 851995
258 468 150574 621228
129 164 268753 288700
1 34 199517 917919
18 25 188696 956464
413 471 52629 483927
161 455 370160 973727
151 239 395572 869794
353 418 41173 188570
143 175 178752 321191
123 356 609890 692624
242 308 408492 855111
184 187 350097 811574
157 202 185169 834023
157 249 71681 744247
252 399 524604 614041
169 462 82128 565695
231 457 886885 913579
86 274 122554 212827
45 82 5265 67938
83 363 369592 871713
65 236 71112 631073
292 336 375319 398587
211 395 873915 923190
25 169 439610 515481
399 494 39984 945411
268 465 364201 769163
100 361 276296 885817
30 462 9378 645887
117 350 9452 156802
473 494 18888 408038
79 183 411559 892803
247 412 184497 443391
257 302 514876 740833
266 495 572126 879076
245 446 364773 612759
11 126 138489 534742
290 361 544193 652854
83 262 188093 414297
161 395 201760 825855
158 246 621267 902608
399 440 136142 631164
70 286 49583 719641
166 414 662342 884291
330 424 419032 888136
76 471 540989 956233
158 434 370529 780671
180 235 772338 982430
37 332 672730 909956
97 329 230966 303893
18 386 280549 423183
151 242 268426 307473
71 356 156562 872541
402 432 186941 345125
153 335 302015 967611
40 240 443071 590704
159 429 115801 912609
45 107 143574 673477
122 282 96659 649284
363 484 659785 917710
271 339 48678 402122
24 302 263859 589063
25 307 82225 570546
417 428 529968 890845
120 438 269396 319805
17 378 606798 942872
383 500 256082 287214
143 218 156056 946999
176 265 74530 85288
444 477 531635 865498
222 468 308736 618532
1 500 343290 715932
119 236 441487 612686
114 409 564637 902965
70 291 190178 620508
176 212 292916 307976
203 297 393263 555032
113 240 86666 833059
186 198 376187 658147
49 78 197019 719476
13 314 425279 638506
142 422 328243 548212
211 420 83774 685072
339 448 391749 821150
135 363 376181 958226
199 475 307636 315661
248 282 208199 570796
174 212 266025 284166
171 187 212960 691303
164 397 277523 698726
94 316 742615 782499
99 284 351418 563765
297 462 584788 825995
347 483 152594 416800
264 498 239741 471975
24 407 254351 361562
5 429 121445 574521
43 401 568569 820170
21 489 304272 311183
119 299 172042 317932
388 448 315794 902720
19 370 296486 984740
369 480 284812 529892
15 238 227667 891453
19 473 31772 349111
132 367 165355 600340
152 374 130623 985979
25 372 215824 448554
125 259 47969 869481
208 496 164364 165966
40 277 38277 694255
207 291 540162 782295
31 405 402397 571933
37 124 138040 567752
82 349 268662 484725
68 453 216900 933211
192 369 802691 804687
8 428 587467 969050
137 304 142096 474779
362 390 14940 333392
147 224 389183 735789
199 392 43574 941048
88 473 634425 942124
24 155 83987 163346
30 244 484385 754171
37 286 340173 857990
85 442 814952 914803
243 326 12972 764547
335 467 757665 918506
78 80 215064 242902
167 188 369173 877326
63 164 532518 772806
193 254 43328 285082
40 317 625254 652481
57 253 83635 374931
181 300 268618 387902
367 408 542634 701444
198 339 91857 944345
22 237 461029 780151
38 398 69308 212730
4 135 14163 62543
269 304 231375 948056
9 325 322986 931476
190 240 28056 716445
79 499 245852 834837
128 196 443045 964364
70 425 260866 376607
173 322 105688 489825
307 351 68719 973110
93 119 437518 904295
102 355 294643 835771
94 215 322698 554092
49 145 860772 905280
97 176 319666 341487
100 352 696272 731774
376 459 408035 737950
161 169 381144 713779
13 113 238214 618074
196 368 532856 632313
262 406 366407 702757
306 388 731902 743530
17 64 51567 274163
190 220 168948 522288
1 238 20661 576982
258 477 206370 250792
365 490 937709 960936
291 412 86373 394173
48 129 276931 838854
17 461 570755 902580
174 329 341900 693094
234 363 501715 510847
328 471 38728 575228
19 305 297949 888146
235 384 30146 342206
78 175 651074 940670
59 101 489927 647575
34 413 66506 892593
207 451 234492 634921
184 191 652988 999654
215 370 91233 944526
182 233 172319 832671
65 228 202464 917091
306 485 84517 853864
85 443 17790 147849
295 328 40441 383534
245 285 534807 884281
294 475 400286 918844
8 19 377092 863370
52 392 549410 561468
120 373 539777 994911
357 427 804794 909992
221 281 468994 838049
287 427 221582 405023
71 240 289303 386397
33 89 305240 340040
459 461 94510 233483
353 392 172329 317324
239 264 462473 857100
17 443 783618 933238
223 463 256001 771286
219 249 611819 661023
326 459 242491 998215
307 414 98883 853724
267 365 464585 918471
109 413 166372 752146
152 245 145196 567168
39 165 16757 620261
42 480 525228 876261
136 261 595571 653399
461 465 160226 354413
147 271 8890 530301
364 385 443712 449972
297 358 132695 952300
243 454 35820 730493
76 407 867105 969886
218 470 11466 654230
353 364 766152 833665
64 328 336951 993890
190 211 862192 908574
255 426 358545 667222
91 112 619522 855918
193 333 557592 586410
14 268 527477 581237
231 294 542935 751818
157 469 69337 376599
340 385 245095 922639
182 381 670020 962806
416 436 630028 657900
6 401 354339 513817
78 93 678212 911930
91 258 299674 775801
52 118 247560 358960
59 439 716823 833248
238 398 66131 478269
288 419 28936 213207
203 315 762060 871106
215 274 395159 632750
179 351 104293 589723
23 289 544192 920318
278 492 487782 791751
188 351 153585 204604
88 224 219715 503359
3 11 557065 716565
22 317 319125 397884
147 226 555849 793042
116 405 546045 660141
138 311 90236 190482
338 440 423627 678263
188 367 469628 577211
278 442 945953 972986
280 402 19369 534948
275 345 347921 932831
71 225 852327 903769
261 340 398371 922330
106 423 112811 585862
73 295 9488 459335
51 291 445314 788733
151 328 10959 734685
52 405 483178 545906
89 250 831098 964672
218 313 378652 816998
220 478 24901 817333
143 325 127114 139971
102 216 599305 911506
4 118 688683 700238
268 274 636171 699641
179 398 119348 863280
297 486 344303 510650
14 300 405654 565844
19 486 107096 629695
129 209 286017 874344
162 322 302201 643165
291 291 331847 941911
64 339 94433 208094
89 281 583074 587725
27 429 610076 914943
229 326 502696 997138
66 233 648742 908194
259 293 298889 741955
80 442 782722 901471
232 318 106295 240984
8 417 123596 830741
49 465 223022 262477
97 492 693771 960169
325 408 120242 462865
106 492 28436 166285
176 364 382795 424591
61 117 597348 681869
230 352 219995 373238
120 235 356520 496833
199 354 135349 819690
302 471 296211 434478
75 231 554720 864222
32 155 546858 949748
182 300 848894 904299
213 262 17998 405942
466 492 260937 295531
216 226 617457 757925
305 421 93966 614223
127 176 48700 167357
102 271 31579 52634
288 425 2381 162459
88 126 583109 912800
106 388 384705 835093
98 476 644175 645641
97 191 402099 500611
253 417 146880 631185
237 444 314236 584546
7 166 153531 535284
263 306 572245 697742
350 388 1396 938275
455 488 237404 322979
120 315 881579 955505
29 68 796673 972468
152 297 247741 943552
139 388 115895 832286
157 316 625962 651178
78 271 697965 714558
120 453 152592 544426
70 292 68607 298182
41 260 24111 224961
140 430 21633 824937
82 184 72677 432821
174 462 65067 408330
96 129 65206 550643
200 366 760337 763170
152 261 566296 821115
183 296 384575 634902
364 407 311546 609535
167 294 321227 652834
10 202 270399 368376
323 466 293057 553951
52 61 135508 182279
30 103 458967 639107
81 142 205402 271176
303 376 655751 731134
18 285 220311 559032
365 452 525505 541537
227 436 410232 600549
141 253 670852 748165
192 211 446795 721294
240 262 101234 876752
153 342 101570 372409
159 307 349055 970825
86 296 191135 222599
24 451 573677 748103
311 335 690577 757415
280 475 474018 505579
226 491 454582 711663
415 487 76680 555815
67 224 625726 694601
156 234 282529 596550
36 241 71691 505127
230 411 161719 163073
296 416 822242 920487
75 418 296259 446917
143 273 785629 901499
187 313 299606 378660
261 388 374622 925331
232 268 173502 585008
129 267 173051 411678
210 269 574750 892477
89 416 714718 949843
6 328 365148 913111
100 109 164287 667128
139 274 206513 463892
74 399 97486 785018
305 488 370026 802423
428 468 214100 914177
48 202 130316 806653
222 290 80158 787147
49 268 616648 668646
229 273 297286 628854
177 411 49662 835366
102 352 126906 834679
56 191 186158 929329
280 335 100334 207383
333 338 314474 337698
59 207 101620 542459
117 326 159106 768054
389 392 36652 396907
125 420 602665 917022
195 476 560279 918018
103 459 104175 487937
239 360 663423 695319
197 368 121607 977897
74 368 664065 927400
22 485 21225 211805
212 413 529833 574228
244 336 555163 963206
336 439 354393 473180
206 295 227885 842329
65 500 475113 891307
55 367 596719 603293
135 275 47044 380259
156 348 912569 917835
59 63 741246 958753
306 310 348596 812760
145 291 40291 702988
169 496 226912 268175
168 334 235386 702024
240 242 75514 355030
73 376 708884 972124
421 459 44831 621452
56 373 302429 600030
40 217 529361 948626
331 465 569652 846178
133 178 73090 861652
11 113 607751 613390
207 419 182434 199616
240 492 31412 891317
120 198 476422 592594
22 27 76451 693243
62 428 222604 476744
107 393 455377 839273
136 214 317029 725499
179 418 310385 333249
216 336 9170 785679
455 487 333442 799004
36 458 87985 275425
376 409 380322 781227
182 303 119047 373417
140 190 524276 574424
304 403 249774 877933
221 374 188317 753408
89 339 539087 885896
177 380 576634 684899
267 324 168676 664618
51 197 238205 548997
230 266 343870 873604
27 455 384497 809209
270 330 687142 710402
310 495 398583 980161
99 500 752676 800830
229 479 255745 329310
279 404 424420 790954
269 327 545510 987557
113 386 612692 847778
274 491 421900 755672
43 393 466073 632889
55 234 155554 547823
153 332 906310 908230
381 391 313136 678407
169 178 104089 769348
298 450 70183 756904
181 415 484905 682874
126 454 219848 240577
1 370 812776 852736
234 410 667418 968330
62 411 90079 616294
301 485 927321 929429
15 17 213020 529312
319 423 115847 817233
72 455 444260 818489
65 197 180459 699067
46 418 511842 984003
23 456 651420 732017
285 351 348311 568937
187 239 446701 496258
108 277 59778 492365
52 211 802858 877010
134 350 247118 375831
76 267 585684 591249
122 442 569686 959929
317 458 38101 691945
107 308 54346 607038
147 346 17399 178305
263 275 40826 238082
325 443 73958 843684
153 292 630558 966140
80 388 44553 216241
182 279 4481 825498
88 426 67747 379950
384 487 122092 603729
133 490 298385 451908
104 466 9085 316280
120 260 527552 906590
