257157385676171463 319833706580607437
111232698923268067 721719707519703466
639544792100166777 713205709041153018
680993262843809269 192440972728570122
600383792812360068 68868994789169679
822729641502732167 357079900087991535
482855393485888949 893083324247676547
553539941751765824 799813169838227301
271394621694917536 716808017069228553
520674082146886047 57815220427864678
418459648543167581 728599222006029658
908249170237550697 126759256533479041
32333910309895087 368036225424404234
273641209456099231 265474045293149352
571799557174845084 994001067524958446
809400514810201 101092890840114732
941489825242661759 555431789958719970
644231750866042179 622764127725770425
232530219560844911 66704176445405879
627085289109097310 481057028717890880
110882858653778715 54978193601159286
646216208243346286 893077191840603493
9112848417966799 195078283370705471
361793003627857088 413199716361932658
515123709323392524 551068554502588253
291206840337708406 624694478567236153
599339375791238546 417255347296991774
706993969574567149 836585223969947584
865369131132283570 250636424907343178
458064086312092617 903662845823273449
532376882847202510 280824022958796714
94578886867188045 864337198225233606
229608470070314844 566984807752971696
821839956185053142 526067784087106759
860905336157555186 35992996051129322
575706353208746417 176714209873461867
373226968891736715 160052839242734182
763139027696463660 27701451238642947
409013384366998464 429662776768554690
185662107108736656 757669187990685419
147498713397526992 909168870273625932
636891744444943750 773677096988762771
317874298707810601 533586837858129514
602169054322232207 297487506064398586
67089328404045030 506845442335887919
42397636680876101 198430659998464810
193158451259131864 843539961358359072
186319837051651464 242512480027207158
681387818205715258 746894165170995639
154998150902211933 61353302437417305
847449310032363957 557421323727903546
311133437190148604 508883133751983363
324429522717584462 210596799493345983
75493252693486400 616224251605798116
447478483138420863 964380744610832677
566681177845089981 780307170076691148
21723307688709795 962326157839781429
756996360871256 872651178892273686
460539132892928398 354656390574659731
589447140333690801 314026675200923746
538048530541084502 710406707191553571
893876975692468481 147391815500922731
951040964939840717 599595274609311705
79327004482122959 268276007828182591
788565075430316387 459373870737185610
740774385743295498 406723542623307784
74968665926859827 278083091278230984
803874446286803776 90013126024963794
543027406674795819 194497716896553205
147905714317928324 661305838677291231
370839505394240391 139990241253083895
702211390023631546 919535409304893445
105280393517637242 957143199198481414
474394803776513719 514630009518305438
420262389470991207 765523652091747957
622449473283615813 941184808510828992
397162142009417506 74028814196320795
917778560402529188 627785193764370592
324015242235971308 903123663954325503
576189564043085004 820693402058410954
533017877734657692 492070491835870387
753325077509876401 389579817780811985
938746972532771188 16975502365855358
243276726455226338 319907200048894448
954752766944173350 874321542701218672
383481254643051594 261270680039796193
796343053216843140 350367039318685637
142730065196756485 25844794827769112
746769429581544402 159489819507419624
240336505259758410 106216301677068513
506253320900182610 364716740106831192
421345674237710576 691269677618574541
81449268072942200 275233412188047246
713959124815112390 503833600196493797
947603034500597588 500589457686537404
400638340197319821 621894158497328953
82486346504787002 928880966638461962
681885763846392058 644534599191884163
200802149460924964 124300817187446
