500 1500
482 492 668378 898760
110 279 146394 378155
293 387 54097 831398
237 440 285975 762888
27 112 56688 834155
229 234 626011 947773
443 484 241828 621481
215 494 456696 935059
171 338 125073 510799
79 301 636593 657192
140 317 68257 984342
82 377 261340 354231
418 460 95494 102688
3 357 459486 566812
293 299 217665 383013
138 224 174475 356060
394 484 201625 589694
62 168 223378 742638
308 332 143684 291634
216 413 405023 766224
368 485 385263 790340
75 224 635374 766177
219 342 534738 966708
297 417 657535 672162
159 280 421693 778207
196 327 645071 837134
27 56 303791 980817
124 191 70014 737460
277 410 527799 690134
203 328 325507 580421
21 245 479789 547128
14 393 668302 672025
8 173 93717 814499
55 139 167984 280582
152 195 100724 356170
238 342 2751 93629
280 366 66068 209236
95 107 162840 774979
191 319 254767 695083
68 333 367107 527505
324 427 858355 885981
338 462 682914 940508
138 341 291534 813029
158 227 613092 810636
289 372 195511 508895
318 350 15008 800225
168 491 532000 710090
49 410 380336 575856
62 224 266316 803037
82 251 701091 743545
73 219 236297 992624
82 260 540370 849388
250 483 565616 926800
99 340 20618 458159
100 182 68970 431591
148 325 328278 848871
239 446 604989 651908
27 304 306080 342097
55 228 480662 578393
132 166 537383 990500
381 499 433651 941331
190 309 438724 961948
409 417 370908 386666
94 444 219779 303832
38 389 425172 918767
193 251 260863 317272
107 306 197323 797933
168 238 187823 805118
166 473 262800 456207
247 282 606042 894930
16 96 964109 976949
79 391 338779 784292
463 468 773897 950012
66 259 267284 519723
68 217 206454 717045
235 367 527923 904252
192 222 72325 360459
240 468 303835 678366
314 335 267943 566225
86 245 421355 502212
49 103 452224 751466
7 213 169429 271188
232 426 250661 375882
156 451 452142 671264
222 377 524466 742697
183 462 373148 562883
326 348 455725 775592
263 431 210163 277804
34 379 367746 961628
237 315 299662 537175
399 408 66674 663201
64 438 115342 576792
11 159 605824 835840
193 223 282540 495324
48 400 58132 661662
287 330 871825 965863
165 304 580901 849961
119 135 836369 880562
88 394 499569 698809
25 262 3887 791953
292 420 126063 679112
366 386 478003 805117
134 285 949614 983131
420 455 431829 487084
110 141 67984 303728
275 398 34520 140096
16 485 646361 733329
277 281 91048 166599
161 424 286511 728642
14 46 519182 533758
147 388 205419 985148
194 476 208854 609304
116 190 429383 916742
87 331 467613 702923
346 441 529123 865635
73 85 136522 428349
33 246 156990 271643
46 247 4544 307177
324 487 128532 209962
151 316 440766 737835
70 357 873859 986443
400 471 205717 527597
203 264 573071 817688
93 287 246036 977532
125 377 320170 765527
203 476 841065 850462
26 27 590676 978993
180 194 547793 714550
3 249 202500 217344
60 325 370940 730096
114 167 188628 663400
15 111 157284 661735
310 392 498256 996867
320 364 363680 876889
24 346 892891 983916
60 203 123792 525303
62 135 298238 727802
46 250 669178 807659
157 268 322878 471059
23 194 711914 984612
3 367 225132 579366
186 311 728884 972606
335 373 56389 138126
418 432 23345 581692
345 404 399950 837934
111 446 626565 723960
119 370 239142 949442
63 405 439917 467407
123 391 19282 788161
201 239 33396 761887
21 111 18394 334628
290 319 69194 558090
15 24 91313 469143
454 486 717877 817105
171 324 276886 572598
356 427 233155 600050
246 436 79299 904562
27 457 774489 841185
312 329 575619 792883
324 482 383349 644812
306 347 199185 474661
259 389 16289 276934
59 238 70172 559338
93 326 159387 943191
113 300 22489 349139
25 108 123628 660436
189 362 680670 752406
37 217 79884 580370
22 382 279068 883633
208 271 160566 689181
237 297 248518 611241
62 256 554431 606175
271 407 55514 471665
292 296 545484 715950
5 355 361042 742505
375 424 925797 957277
108 196 325781 690878
255 347 514051 896411
280 435 283849 641643
36 426 122794 890023
187 196 178308 795343
109 331 340826 534187
183 315 411580 777238
57 208 219387 333164
167 403 540394 718657
156 365 749059 781300
54 435 65148 716322
22 479 425174 839116
60 423 339242 736869
31 194 339697 873429
228 360 116935 632636
68 321 482152 840822
45 339 75831 945704
52 389 106486 727003
2 442 339160 867772
23 275 129582 809298
49 166 656431 985176
211 456 333939 996127
315 413 379234 966574
225 233 220056 879924
121 386 479672 825627
126 481 586158 885420
169 482 673856 753191
443 488 319789 848343
153 464 248864 504773
251 419 99154 856234
164 227 128748 235467
374 452 8671 18424
111 297 421237 498096
105 129 306656 313462
198 273 178567 987317
38 106 26909 280042
69 181 45257 291988
410 431 195594 664573
137 391 240940 324342
265 364 172375 259363
13 310 109963 619641
414 470 916686 933103
168 271 95252 680557
160 376 872297 960598
192 355 164284 235475
264 356 876752 947420
98 113 149862 634043
406 477 837489 838589
51 215 41629 973481
373 435 474666 907040
206 270 103948 119933
45 281 894973 992229
12 399 646799 737015
218 219 130118 263317
161 183 52511 929530
66 118 341132 406351
21 331 630893 899112
118 278 54284 178823
231 399 298755 701179
127 484 112503 809526
301 347 62892 465566
9 371 245234 768553
169 263 131086 821063
233 413 208605 472218
95 181 442712 839497
132 310 137886 754208
141 362 307488 455387
389 476 207822 633365
42 108 189739 713412
324 469 879137 998316
230 439 101671 526575
142 144 203088 310275
123 324 180634 645800
185 254 160967 934841
177 227 980652 984806
23 468 318009 704826
416 482 547772 785450
87 240 4678 180939
13 316 106348 961309
8 474 141831 164396
47 448 322464 708053
84 157 363260 385371
28 235 154702 860264
50 441 400884 989062
333 356 186333 854595
123 271 859272 997438
135 471 330142 958746
296 494 563095 988325
288 392 108975 271147
17 296 281031 988587
45 202 80446 435732
142 146 481329 938997
14 330 593601 793592
136 215 175123 591038
38 136 21616 98833
440 481 661928 704372
80 426 329699 437875
137 295 681691 718905
338 489 162831 278488
134 317 101827 606463
182 270 527817 716415
305 337 219291 264874
407 440 628272 880058
198 485 604277 848995
45 263 130057 558504
181 260 245870 811747
234 248 408700 593233
379 402 342935 716048
462 500 52336 387104
266 394 662557 833561
119 152 130850 290828
175 455 251478 279717
219 333 880900 926125
93 223 101192 643121
309 321 227210 694425
51 472 86497 550050
100 285 118738 615551
298 345 794459 959997
139 268 607198 954223
27 313 609031 750291
360 416 6282 337804
138 403 307798 438995
75 271 535008 812625
242 356 362674 419527
263 455 207799 551429
61 387 132328 684147
25 344 602902 721689
193 223 330720 400434
353 460 738237 992949
83 107 236681 300747
106 354 49305 919947
331 461 617767 855825
105 445 341917 392505
64 344 41185 249720
259 438 16481 971409
480 482 416914 575941
2 184 85242 207291
437 488 443971 741142
128 445 177440 260757
117 310 878523 896754
221 439 775416 805611
2 147 25136 596613
84 396 69918 613093
227 359 35910 645858
212 451 243200 615648
23 290 404234 873141
81 150 181342 183811
197 364 80564 589769
26 155 43156 365185
172 320 639768 805608
67 213 267293 875525
234 423 303202 566134
185 254 698134 951326
274 276 871912 995777
253 354 695939 738402
117 354 328171 909771
355 380 469278 977403
26 398 19592 783010
386 462 286884 742884
437 472 14156 309017
150 190 481833 951817
244 276 463945 716629
383 497 520113 971383
53 237 664468 946235
259 364 109284 641870
232 261 645227 984574
462 469 361440 727457
326 398 240440 891947
280 327 171102 708608
23 53 134519 404083
287 465 170983 817875
17 69 184275 482342
64 433 639045 809910
136 295 214263 623619
75 97 92055 974846
1 252 496579 731637
245 280 85303 667680
149 262 494287 736173
156 226 312162 638594
224 355 339220 622508
129 418 49564 261553
171 264 24212 780179
97 233 172849 999058
46 233 669427 730365
142 458 815667 849142
72 191 343429 405149
346 442 32422 43743
296 462 654929 950566
333 443 129 652706
3 307 193270 586952
39 327 25124 276152
224 430 159366 755488
6 387 8507 273310
196 287 647394 678459
201 228 39376 679815
14 95 669956 989941
69 428 118282 839014
228 283 221585 939266
236 461 480741 696684
165 228 275052 856049
233 408 479429 548361
46 171 643174 805774
223 488 361501 603237
434 441 490713 789544
361 409 144588 608995
79 191 434503 600206
167 446 131187 804331
26 87 157258 595734
346 447 153038 166392
117 211 385340 488517
17 50 504928 842336
309 323 92021 333048
232 394 236609 649274
166 325 83777 649991
315 463 454321 783988
253 407 152099 457598
353 487 630469 834842
50 358 15808 591451
87 374 407534 433786
186 410 319993 499554
14 79 63255 969266
31 394 72494 713245
208 418 568313 856481
324 430 477176 720411
252 417 107644 396966
304 461 568334 988416
54 242 41151 492219
124 239 361143 963317
138 261 26572 882668
154 168 233214 471513
85 346 706760 801526
275 436 183935 632191
39 431 545508 988499
86 276 73184 157327
254 329 210567 714830
377 472 350514 690235
158 232 338886 749534
46 326 88451 945762
391 476 256518 652522
263 308 521801 888708
68 90 26651 641175
186 195 314854 506023
183 439 232941 287815
6 27 154681 544738
185 214 399975 678362
111 425 223354 624123
252 496 479871 823014
156 430 339245 344814
316 349 496772 869043
1 125 201939 891417
159 357 489753 979664
285 384 40753 752920
79 498 222961 431281
255 355 856606 962666
36 103 543258 679619
284 317 195666 398854
125 451 64708 448951
101 125 97611 167241
333 346 77275 677068
130 379 429987 915480
119 310 69664 138440
105 374 346828 442622
92 492 890085 903808
228 438 615825 640678
385 415 440867 605981
221 361 266193 538478
66 104 797048 943261
99 482 712527 874291
218 466 460307 732943
280 422 79770 528413
206 223 269950 948572
249 495 426980 992409
133 312 433276 946993
32 253 729537 785450
208 297 98849 386689
248 375 345965 777332
192 490 595259 647113
28 269 691877 747491
233 300 452727 533793
48 272 515180 961488
83 115 348966 978524
61 219 19426 650767
115 209 406114 975956
297 489 739680 838272
30 286 143406 903144
57 372 786141 890897
172 189 22071 755220
207 312 53603 928246
126 321 27039 793563
186 330 46464 153747
296 429 129702 787637
226 474 43668 638863
3 312 26412 782269
165 183 328904 842706
123 205 32368 864777
181 379 476965 945001
27 356 488391 723394
206 208 877140 941504
341 487 205212 729140
166 307 360426 409021
194 470 435432 810505
210 335 169562 946414
190 310 495133 681990
68 97 143343 935924
233 476 175669 990183
291 308 735777 931686
148 177 67166 457340
265 336 218657 476186
311 469 545513 809020
75 303 557112 755434
264 418 251184 755454
15 296 14342 703459
127 380 4524 762522
62 434 498298 507933
238 489 575098 612425
106 135 282916 831082
94 103 91935 704258
20 220 777721 873784
174 490 124967 902356
425 469 916697 995201
51 220 155836 757722
281 372 519871 663768
218 360 132295 566817
228 352 318455 366084
19 174 22712 980693
90 432 501431 854476
106 294 281926 403786
218 482 277126 548120
54 348 131834 703955
75 219 567930 651704
292 351 651099 962143
182 430 669103 796949
52 160 649796 845994
123 444 347424 986401
210 417 268326 840634
191 304 829744 905106
3 60 477930 936573
134 485 20854 132425
187 452 610920 759117
134 368 428219 680685
366 380 43030 880323
454 489 131405 866723
163 400 729705 972038
55 143 75801 358909
55 82 295481 495688
66 335 144465 695105
138 384 193771 454221
103 291 390808 423482
157 337 608145 820156
142 230 482304 739549
130 438 600536 728361
13 433 623987 959445
94 425 623011 636026
111 490 318115 592249
225 335 248180 302371
126 178 164282 671661
317 367 288778 984008
46 326 66027 982664
24 263 182915 394047
359 388 18033 938481
59 135 517598 561491
106 400 109846 519477
68 292 767656 855769
98 168 297816 536402
179 336 175234 281823
4 338 626119 757612
26 213 20165 556100
50 236 29223 494580
423 460 192211 546820
17 380 136671 711687
84 194 756033 992440
341 362 53848 915197
171 372 606782 723875
360 394 641073 866345
362 419 197172 904155
104 411 682370 933377
26 48 390932 748905
64 119 401927 787499
164 218 543532 566025
379 411 826282 997574
355 401 66508 82261
100 205 239685 790019
66 356 210525 325828
253 311 458188 524549
300 480 207092 342715
98 371 130213 632762
88 96 508350 715138
63 475 334631 753227
270 491 351839 834869
23 195 141239 218760
231 263 544587 706041
15 135 164229 185166
172 466 519064 527880
394 445 565482 668177
40 166 73831 668366
81 314 421593 994850
304 431 208998 346070
306 309 426036 944109
47 423 132076 883790
156 181 68955 91498
180 187 126913 746073
89 131 168522 827906
89 107 836888 856187
332 402 185205 367388
114 309 910554 945919
117 162 371954 588892
208 382 450240 472681
135 389 541737 566068
150 173 828493 975155
90 398 143677 707548
416 486 417387 563734
247 473 118943 852712
282 496 798631 910750
9 436 260216 499641
169 173 573058 710455
44 160 655477 717832
193 469 692987 933634
163 367 641182 731204
78 267 121676 148591
240 385 362373 974387
233 369 730241 789474
115 305 716325 990457
263 287 289382 324446
158 211 455702 558630
116 179 389336 601897
17 130 333101 454559
43 135 576234 953226
279 472 315598 628011
193 424 358252 848997
60 390 81673 721028
55 174 100832 561826
265 455 293795 556533
70 368 493051 895692
144 236 760871 947609
186 194 230448 557816
17 398 185827 496209
78 321 110710 861557
230 489 524162 831737
62 284 624993 662900
16 26 402437 956694
237 245 411839 652833
232 447 373417 413703
2 492 447585 539509
399 411 35717 906719
274 340 17428 619328
3 17 143489 671138
78 482 334037 789446
82 359 110103 708234
73 171 279287 322402
341 371 212171 911863
255 343 451371 592741
87 165 499460 987004
239 360 606331 741214
107 171 412351 674185
4 239 17362 979982
173 215 278343 643817
103 139 117096 320510
266 444 18638 232372
94 372 611378 798536
180 189 301891 587892
73 280 91886 845457
244 308 282422 758099
398 403 291813 623070
470 481 417764 791608
360 435 540230 628469
125 340 369497 558867
245 433 264465 684384
127 285 368708 490564
164 199 98802 134294
223 471 25221 408745
57 478 143299 648290
37 54 43971 451258
227 413 584201 981389
418 419 34203 867237
163 473 298667 659800
99 226 14149 666715
16 389 148443 386212
39 91 339420 411432
95 221 442983 482718
126 327 243038 486953
5 53 740779 986971
15 424 537525 592938
191 487 246585 769089
268 304 777086 934156
28 319 320367 380761
150 418 289512 720180
223 249 466348 732494
76 298 225738 699628
16 303 86578 202950
30 474 195867 766869
16 456 529805 629283
259 390 79791 118429
9 269 264186 499190
159 221 553697 988881
42 470 455228 624545
340 465 377994 840524
326 332 254714 980923
289 299 21582 909667
96 386 55301 58854
128 443 123396 693635
176 452 732610 903934
396 482 237842 899865
24 421 40761 831215
238 285 570569 725560
110 482 257760 825282
122 215 57718 683778
431 453 632923 805580
57 373 928975 991176
232 260 240137 996980
242 478 99765 896844
251 457 447331 610488
93 390 697408 809054
190 223 583165 795344
404 443 316856 853061
225 484 638787 945597
114 392 364624 936773
373 409 361603 756614
239 298 372730 374989
106 412 501828 596698
235 301 405751 905023
416 424 124180 216719
210 279 327286 957387
114 174 401006 789234
287 358 113659 281981
119 435 106857 386625
232 354 679838 998197
24 118 121418 792887
138 258 542793 937534
11 405 61713 992466
141 451 319751 934107
124 484 328262 851464
342 444 803312 958273
378 397 744461 910168
102 216 232719 424298
185 239 623996 870489
133 174 77881 152430
93 495 67487 144895
396 497 1593 839371
56 332 167633 474025
351 405 277336 312580
153 355 57041 124106
70 190 53308 873177
165 226 193656 663399
36 297 332180 878791
74 481 118876 946277
222 422 580754 958246
129 230 336480 571130
466 486 271638 649059
320 451 395744 680890
141 272 250549 951366
204 436 131117 718584
92 296 113726 675924
222 354 311151 431143
75 248 390556 528248
378 478 712463 727035
195 445 16514 500453
48 396 213755 851388
304 319 243106 802753
221 359 173302 961689
17 414 365577 886590
119 227 208694 834084
184 475 406804 599249
61 135 442255 635618
70 431 882678 975120
227 469 262787 734065
30 318 22244 110740
38 432 416906 800394
197 470 743816 819847
197 431 468861 821523
114 461 27026 228326
95 295 194877 985632
103 365 77555 97685
119 329 360472 868210
67 288 368178 978950
195 499 301435 975047
164 282 718862 820712
64 222 158586 340529
34 263 231980 367554
37 58 426857 799922
139 411 413958 528968
381 429 397177 697169
348 478 65346 72846
172 280 47892 166188
61 106 503251 779624
179 337 120152 275713
57 99 365008 507692
93 400 681281 736584
239 310 265551 787691
19 227 484859 575866
56 205 259728 648711
335 455 437748 942267
18 412 733723 999590
206 227 188804 791654
198 283 70164 764228
97 444 221907 500811
182 213 232701 525949
159 291 533347 808566
129 214 543400 793075
83 341 497499 715346
210 222 320915 714935
441 448 26071 492082
138 234 105234 772661
177 323 694359 843492
35 292 534326 927059
124 450 67672 523015
98 104 412186 582767
265 291 127531 326000
318 486 429285 646915
110 485 437719 736747
218 379 358332 616894
54 324 589088 827604
162 467 533269 639765
138 289 56283 232241
386 401 160779 229676
161 166 547151 555676
330 442 492788 577939
6 426 677495 831037
369 384 657437 810740
44 344 511510 762877
357 493 44778 432346
281 413 260019 664587
217 313 8478 489694
221 229 71981 858911
162 268 188939 953201
125 238 668860 866433
106 173 397501 842649
25 368 425362 741224
369 492 173570 183650
8 404 893068 960020
76 213 417898 875304
230 286 250566 324799
267 349 98973 513738
4 22 477961 767832
194 480 875461 921913
174 356 289577 663137
165 206 407568 473226
97 213 403788 816988
309 385 443446 795443
9 466 768245 844814
127 334 754130 943786
355 469 748442 784901
301 402 603508 706813
301 427 761092 893084
6 161 430570 685011
257 498 350709 747918
4 234 10699 191363
12 459 371864 474638
1 144 485499 745119
60 322 786751 931122
313 415 534629 591239
65 216 352330 619221
193 225 175334 566143
190 351 825276 923251
354 465 352326 804217
42 424 795206 897567
42 176 648863 899417
167 235 96336 700399
317 434 108649 807990
171 381 434457 727869
11 363 609790 802405
214 392 627680 822919
357 357 143488 303632
193 398 717550 809440
221 467 61955 974654
485 490 31918 278706
195 306 140566 826038
287 365 260494 510080
136 149 312484 438714
15 27 116383 261633
120 371 689769 936366
164 416 15560 371884
213 234 123070 950191
54 396 154988 795859
405 442 111658 621896
43 242 424544 621737
220 377 737755 863257
234 389 854138 859957
3 360 549725 906524
136 270 748003 794759
348 449 649402 871073
196 412 322137 961612
168 360 583711 950147
383 453 8254 800329
10 455 538083 929540
72 251 75462 789496
72 427 176196 981985
207 244 440551 525407
44 123 528240 691160
34 271 366728 724701
374 482 283934 824763
109 368 84262 427563
197 378 249980 873454
120 450 325441 779046
278 373 471594 972080
144 373 13838 154916
266 497 199507 594151
119 235 143101 835203
108 466 427034 804568
148 333 232130 746562
84 196 246315 512893
334 385 25361 836109
111 454 295335 324540
97 377 149214 450250
257 373 433844 743364
66 343 131802 576944
329 383 280568 936370
476 499 230671 543481
374 434 591670 993338
198 207 73169 427779
3 318 884855 957451
47 104 106664 166771
212 379 233554 600614
296 409 732531 881708
77 238 13098 278565
78 427 293361 509236
303 425 24009 401382
12 122 585976 613529
182 383 221228 543426
339 441 367402 904350
319 464 117308 510466
15 224 242996 929461
91 93 208026 320017
23 113 129729 458325
37 463 806510 998686
66 474 7155 392485
262 301 9491 744734
54 84 376892 667872
199 399 178337 385622
65 333 826655 831435
277 460 39151 663024
104 424 41960 497476
66 161 364821 749540
78 157 273046 284378
280 418 293868 860971
112 215 45194 369965
162 382 207227 755586
66 372 550233 871343
256 331 448606 910493
212 320 6917 395277
237 332 77910 661168
214 393 371310 878639
345 359 167911 748632
325 470 73631 537875
59 312 280857 727624
90 184 572366 598966
197 311 20972 599408
388 482 403314 511037
125 204 45017 997575
213 417 91113 932679
71 310 259023 441040
397 487 31023 41545
61 379 36244 769168
320 486 608609 736369
80 148 852128 893129
164 320 296442 573444
368 368 134812 158136
81 342 249249 251651
4 123 209043 772990
65 372 330886 460932
295 405 243967 497175
135 242 443889 980335
67 462 853370 941886
126 163 31681 247345
31 492 163111 405480
80 334 531837 931113
7 203 533574 821178
63 423 510857 997570
319 383 241536 302061
17 222 262301 914583
22 35 372820 799012
185 500 46356 291067
336 492 837677 970529
141 267 334969 885865
42 500 384894 487422
250 456 1343 660274
132 378 83001 478686
339 451 513935 584486
255 360 187544 383497
254 353 378597 994962
40 490 537306 732625
483 489 388627 457982
20 382 217337 461755
98 122 122105 393963
327 500 205105 719778
40 338 52050 304263
111 146 755945 929751
315 407 548354 824700
324 396 99878 602012
138 165 534046 557859
9 466 267735 466130
63 197 104587 737741
48 191 457518 729738
82 132 667227 781787
231 243 596978 632557
137 177 5033 697263
126 352 104910 187516
115 121 603123 721562
86 148 230500 585605
43 196 250743 968240
233 258 577667 980480
241 266 218835 244893
222 497 588633 851392
6 250 110017 307954
131 279 495469 719597
382 399 141836 322719
29 175 372335 439076
217 426 663802 689819
183 298 19276 241468
212 416 238110 765264
286 353 689887 870248
265 358 67840 997840
43 161 138293 787436
7 42 280128 498423
33 314 715102 937498
168 239 378903 824774
222 318 279233 844049
158 285 44496 533070
243 363 739309 875220
148 359 459412 639253
199 308 6202 777545
24 57 20976 989942
325 337 705043 768576
297 493 593349 948810
18 249 744394 909154
241 258 756620 958576
335 384 147694 148192
103 383 698191 786946
153 491 220744 309562
14 71 299503 397703
45 395 166278 367739
341 478 832900 858210
226 293 283715 781983
33 290 538603 618868
146 173 282913 891556
100 358 106098 214252
193 200 523813 805566
263 315 203268 350509
211 397 465403 718248
147 374 323612 907951
327 440 527324 689933
387 468 662543 822493
32 455 275131 714048
165 497 5735 198716
41 47 4281 297303
214 400 164163 213424
296 410 678827 771669
290 409 594700 679619
404 468 122023 524788
142 418 95174 347280
179 224 294388 886656
175 390 493104 610215
236 289 323854 423869
31 136 537277 863783
293 455 151804 936701
97 274 531400 926416
177 274 380819 451203
191 482 233415 992344
160 499 44154 806686
109 241 226029 933252
120 345 321332 549882
3 10 185114 964647
269 317 619913 901347
43 98 62680 951071
371 383 331889 589562
84 216 339328 721228
83 481 7323 527913
17 442 20786 749703
84 488 312490 858469
93 434 755409 793488
203 334 614245 891673
205 431 565315 762802
56 439 329654 868715
42 139 490073 567233
374 498 13747 61315
14 449 440001 598452
272 384 268843 482477
206 330 462760 754237
164 262 77004 917446
170 466 196599 650256
77 313 859068 979909
206 494 413932 865492
239 491 264004 991598
39 50 704004 738423
173 198 612878 737251
28 339 75637 825043
452 492 742488 835769
14 87 486024 948942
251 285 808009 826809
1 278 240740 720768
91 337 228129 501123
238 478 418411 482903
153 176 547640 762203
277 344 430795 587245
84 120 152633 266564
87 170 101575 305921
223 435 132729 297000
287 320 534119 684877
8 241 429358 493598
71 260 428360 483746
265 499 762300 909460
127 396 340254 440599
169 479 109583 497149
108 157 319421 643330
1 444 456682 769230
172 300 13179 970459
316 393 331815 506776
427 487 815560 993543
211 486 59464 903002
106 108 500062 672084
145 276 169232 274883
4 153 434565 490596
4 246 776178 864527
136 397 457141 877706
303 333 7581 788955
14 320 1124 296157
224 477 355620 658829
84 182 62860 847265
326 496 802478 854094
10 352 27707 809426
103 255 94652 892234
90 291 68144 511392
99 123 35324 55794
112 447 351950 676688
70 276 153359 851868
103 132 544928 732570
16 480 769831 863757
25 34 120632 797537
122 136 140077 731635
278 412 651468 679535
144 376 251680 634840
130 442 729217 827879
51 246 398928 907153
230 349 643561 968432
40 364 175241 413391
74 279 295872 829561
358 401 425812 969638
135 457 511 621698
100 230 96542 151702
80 359 337261 825758
37 177 70906 760765
48 386 656101 714466
87 208 648512 831341
64 487 478073 821239
62 421 531056 763402
18 452 47918 958470
119 181 55011 800891
120 198 138151 354874
9 415 43394 942132
314 449 254900 699494
157 187 419764 704995
102 188 526233 910875
249 486 441930 996118
199 289 470939 514969
169 301 417718 832211
361 421 288943 610281
74 127 46440 653674
19 23 737531 817692
57 455 442525 640159
109 142 546242 551033
314 446 31235 58711
150 364 62555 754032
266 450 527722 688101
43 126 138002 767105
27 469 128491 329896
46 87 126954 382373
393 397 283464 553034
357 496 615627 633802
161 190 408376 665036
339 443 678759 808640
208 359 336362 520185
215 402 68370 287289
185 242 713212 992639
84 271 119592 182516
56 332 251901 263188
28 403 130416 413341
217 377 294907 538791
50 319 103546 977378
407 408 444661 497562
351 474 245715 513030
93 387 199509 238353
176 296 382024 791359
203 425 54546 63958
387 452 76020 194373
15 115 370926 901285
323 416 84176 878662
82 223 528836 894055
218 425 139769 595811
310 473 311672 655338
195 268 446696 562471
94 119 142780 345422
152 480 64446 937793
18 70 86434 482082
95 393 686961 762974
148 169 447094 657028
148 365 107527 559256
120 427 279216 492739
411 474 408592 571561
4 340 270366 745335
158 491 326132 670861
213 228 757294 849120
106 307 128445 454976
253 472 418421 499470
28 119 606996 822590
211 455 315328 962280
389 473 388329 887223
88 228 169071 650015
98 147 839931 915325
76 211 280796 502370
33 92 283285 957345
117 415 782754 842385
101 144 267450 664974
301 311 229729 437136
41 452 501121 825464
391 478 670191 672988
124 473 104664 268687
311 400 246932 771056
252 402 54816 530216
322 368 39363 897200
173 422 44085 306813
326 393 442366 481220
183 196 943486 993439
28 160 666426 750136
442 500 18822 329251
252 377 16654 576182
250 480 587821 687847
21 71 187492 243561
45 225 138722 231576
118 147 97440 322165
329 425 315603 834341
305 381 360156 584476
149 322 689407 975073
377 440 508078 976856
189 399 181054 373111
114 271 76955 660815
339 382 127308 799537
29 328 449472 589857
252 427 657908 940549
24 307 18064 81980
24 322 57052 586900
113 482 80107 926802
160 380 274650 816264
126 218 451816 693464
204 452 288480 337123
31 446 151635 394688
237 372 325894 880530
112 309 537636 962509
130 413 124535 606243
394 494 49396 311125
11 153 184278 585774
229 441 26032 394093
215 497 314511 535379
13 50 651236 687013
138 407 453750 531766
126 215 473697 991385
38 271 596291 680283
38 264 851769 991407
32 48 335628 552398
325 491 1821 361659
21 57 537199 744569
64 71 495208 912157
322 422 465309 659388
45 399 33789 133084
168 226 714071 991283
115 330 468163 843051
361 449 320142 995537
153 291 568699 997357
25 56 829620 841447
276 471 61292 853007
49 315 672947 720679
263 360 413027 706735
158 340 404309 539955
212 339 524469 990699
12 462 502588 533802
114 444 618852 982491
351 471 342321 823937
246 443 403612 892294
258 291 81593 802969
179 405 626596 732347
7 336 166550 917174
218 370 424225 608581
312 332 643797 658734
86 107 142639 493958
56 76 352630 432654
18 242 155127 841299
384 391 407640 474447
145 422 34235 985757
137 152 309221 419283
6 359 9189 917802
22 35 169338 262480
472 476 96528 756437
403 419 45533 438421
12 331 109899 811247
74 346 69995 218886
120 490 199993 572103
108 237 509214 927466
367 447 453006 703320
253 343 406725 965800
88 171 19604 245573
6 136 200345 278369
244 318 89615 310743
441 500 234782 897089
44 472 434775 564579
132 340 492044 909931
50 58 613250 956310
49 244 50766 363034
489 489 296339 714346
35 124 948794 992715
130 329 250570 775888
329 477 1704 985152
20 478 66082 184503
126 169 94433 333226
27 183 619622 805887
83 273 186740 653423
261 430 64737 367769
464 483 13530 852094
163 417 619015 866343
218 245 153616 851494
76 195 338119 986715
51 53 319940 527931
85 327 459668 663904
143 451 629442 911711
72 210 862536 976447
44 328 230981 833207
97 495 215901 790841
213 395 44259 944457
75 322 9726 30974
265 477 537656 888062
411 443 836893 864081
22 54 418625 748604
84 402 797512 881127
230 492 230685 559826
86 487 349199 350666
332 474 48005 393457
282 400 57730 841877
47 237 246290 317489
147 222 154382 398200
95 337 160030 333177
188 238 408467 557509
32 193 484644 554018
130 162 297813 419568
135 376 289887 345817
158 398 78204 648115
134 404 377633 912044
425 477 190423 292184
261 360 350453 662851
400 461 71317 947931
5 461 18300 479987
367 474 587108 777799
242 468 553751 876994
108 365 107851 148306
350 363 1835 489691
18 126 645239 680114
66 378 191777 308089
257 378 656059 667382
217 358 663720 875690
19 224 395817 979150
338 495 465920 674054
225 455 298256 866169
74 90 355860 834052
108 473 479290 513485
378 390 221613 554119
134 171 651203 737852
28 72 43244 180603
245 442 92771 957279
190 240 147684 325194
415 440 191362 363840
29 73 197891 340136
180 397 198786 369972
84 409 180395 269256
106 108 53985 831597
31 192 284472 750939
210 437 758102 841176
285 399 91665 682721
224 434 614105 971857
7 99 69903 954240
64 279 785041 860539
147 296 40933 934105
255 381 502785 988089
28 73 710009 787256
89 357 17839 67536
256 494 319217 625856
41 212 111047 449673
310 413 163440 697302
342 476 23979 192974
263 489 630744 643430
144 371 133528 266568
284 398 492928 502338
463 492 520176 949985
31 70 484110 785554
226 242 111509 543904
310 490 707343 916317
151 173 344139 625643
72 436 315431 491234
262 442 98350 820191
277 397 322528 560740
204 239 27077 495160
86 130 248828 979269
129 207 236049 309083
425 438 152365 223440
359 450 83931 125737
164 431 496724 957519
277 368 778173 833267
144 146 338913 798882
201 489 536287 810393
13 470 259176 301466
48 142 11576 329079
324 441 68871 923773
299 301 49509 538081
27 316 551157 960593
246 423 226389 738765
29 68 541622 604121
14 369 140407 171338
27 372 571168 946866
271 441 416598 712094
233 468 97032 152219
79 120 151464 398936
458 472 359528 820703
144 394 47092 176314
173 213 685041 780434
79 192 115105 372731
96 415 202624 964185
221 388 192630 433121
41 348 46504 775660
427 467 690947 820736
326 439 536684 641438
322 381 229349 422846
134 446 107886 767024
325 468 875091 882128
251 415 627303 839275
323 405 60423 841363
104 426 133375 472382
244 321 293117 754534
407 499 605320 807570
287 418 28165 965732
402 404 42728 732755
234 370 482284 917819
336 445 625938 952659
201 360 310373 714805
137 247 130881 187186
155 420 208270 401766
61 335 103347 813589
253 253 325656 585431
6 37 176227 884735
123 405 214458 658511
202 448 683468 930402
160 193 645206 796796
244 291 444028 771062
294 398 309310 979331
419 480 817732 929008
23 438 659739 677881
326 327 347449 854107
82 117 4783 78258
78 417 316928 935185
242 270 258560 630075
103 485 29622 307234
248 452 7727 616543
51 223 341811 985597
401 488 441666 663477
84 226 474808 789114
52 372 376320 995942
126 449 450070 693247
322 368 708629 989704
102 276 296938 866375
406 480 614480 874101
30 263 35370 600076
164 405 345241 477035
149 488 336400 360391
342 372 311672 736711
309 467 761741 807686
221 482 699757 797390
175 327 537580 566131
84 306 152059 983188
198 486 18557 971713
390 443 316954 862229
205 443 738972 960666
46 182 272337 281865
342 429 89550 724324
2 291 424080 811176
63 117 21775 865107
17 498 4962 184695
354 370 366744 672760
164 213 745324 862607
295 417 177815 823272
328 461 414670 459679
80 389 655345 732242
371 424 482839 543417
338 375 81835 504613
391 426 776745 782882
141 147 150311 659840
163 205 12917 637473
40 310 331639 398489
317 500 643241 813158
2 249 358471 375482
278 399 682967 841309
125 422 281154 818516
199 387 111612 970346
379 451 120656 514083
424 465 615126 667907
46 315 13615 483315
124 214 126555 680462
388 478 38932 908607
93 286 297411 591573
14 226 147064 632278
389 464 117409 521842
191 416 35924 724655
183 191 339781 439506
228 395 43293 439172
78 370 240107 540847
390 465 449453 554103
26 482 367865 450847
103 142 399567 597911
171 382 292072 437760
36 439 16726 423129
218 358 378986 946297
9 104 955474 989589
47 86 33403 496320
125 437 587505 733418
2 369 449604 700617
10 379 365522 732243
49 134 24314 548987
169 391 488468 519886
249 305 172852 466182
122 166 644677 651251
169 349 684653 775957
