500 1500
217 333 209154 675623
130 235 417359 834286
93 493 704126 785138
419 436 598606 643483
110 163 279091 719807
137 411 219904 499495
202 418 464878 911332
26 65 95588 618749
95 210 344254 699681
112 192 307184 533966
91 204 608674 955622
26 156 70579 698635
170 238 394932 494077
374 480 259643 894426
181 258 611246 724520
108 135 502581 746346
100 169 202262 282860
79 211 536267 590044
22 217 8240 936899
171 224 151886 594893
408 462 754133 989824
250 442 13775 222122
294 359 349719 550345
65 253 52926 182422
16 187 555226 981633
117 176 31138 607844
244 436 770319 968037
106 422 145865 365211
383 387 125824 899997
123 488 864298 994698
16 268 545042 759521
319 432 458294 529447
5 278 601025 909974
306 368 331049 941111
155 499 585260 617720
282 420 731124 827655
168 472 159007 469830
94 127 153704 262362
98 143 538234 890926
379 416 215273 420373
156 249 125246 513461
208 468 120623 360862
81 207 69978 705882
214 358 364882 897632
329 462 40240 194775
88 296 766082 973488
73 393 173360 771160
84 451 526458 986432
29 332 556271 910799
237 484 547773 735295
155 416 805272 922629
256 364 340544 803862
217 454 535318 804656
249 305 87090 512493
229 301 110531 283652
384 436 534715 636989
111 464 141552 961865
94 138 393198 587861
144 322 26841 519359
77 203 37145 859902
156 220 261904 358152
93 376 290748 989957
393 399 100487 625276
334 475 291650 676342
59 437 622882 949553
48 251 210742 976543
72 83 495901 508000
137 302 292144 545144
295 373 70399 204101
146 240 119632 194057
43 44 744908 812730
101 370 104379 511806
159 283 651040 789058
133 385 486956 765600
215 500 511307 716703
154 450 8846 401026
96 97 121478 373688
241 386 493319 892285
78 429 191150 221366
96 179 219307 300689
346 378 89747 841763
346 479 380545 845070
198 377 613600 766851
178 445 684228 921626
41 206 295313 691133
91 132 99769 280371
134 209 471520 751739
229 327 568780 575607
24 26 326002 933721
223 290 222899 663420
166 498 430270 580696
294 498 502321 709686
55 134 400819 590497
87 117 162177 870868
73 387 430268 501301
47 65 593259 627089
424 479 204146 469442
121 192 473638 867566
41 187 54333 536835
6 36 397942 762872
190 491 489607 988439
129 306 35053 168135
44 402 52705 267609
300 464 287723 411049
294 342 8221 27766
138 386 501404 683426
88 324 167712 736612
93 484 532083 565653
25 91 538041 876505
176 396 647792 911557
262 429 915400 934729
77 300 332222 738803
23 493 359988 877878
160 243 561304 861836
330 415 29547 594923
51 398 127005 493275
142 398 369779 595389
73 336 224853 243180
431 449 675933 888525
230 236 737098 790075
85 110 667952 817270
179 255 441009 679105
3 22 35931 357271
53 287 518546 850545
184 324 113935 264608
11 466 296311 489461
393 397 184835 582478
284 480 372552 774590
221 356 42899 591859
315 462 345983 483907
169 189 703254 865221
150 476 92511 900119
53 325 341187 873471
370 431 468618 637497
175 183 51096 657507
467 499 432096 828687
306 354 799316 871585
344 472 372640 661650
32 255 139859 754212
257 330 274581 748722
192 234 104956 615768
116 474 546148 573573
168 299 720006 885265
19 101 94224 230303
239 258 52729 893539
41 82 398114 425368
295 432 54324 420551
45 113 211484 567699
236 251 672654 926709
218 226 221516 989209
214 246 468264 623132
167 434 562487 586424
25 378 478106 639153
372 418 513064 876219
155 395 659768 933615
439 450 675175 743818
52 471 118235 118269
196 443 49941 339785
9 268 34556 227027
43 54 813450 837078
272 454 129689 315183
178 254 375684 642752
148 218 35451 920938
19 268 275570 596112
90 347 393839 891138
141 475 187501 941078
242 486 94647 414527
329 380 691151 931724
134 259 295811 820839
364 442 658363 671495
12 297 579300 859530
412 417 651452 747358
110 290 260602 638495
116 425 57209 964455
333 410 151856 193289
13 431 385647 884439
129 189 197809 866904
155 422 525266 823285
66 304 160572 199167
118 329 718790 907929
259 424 495743 740226
49 348 746609 797434
141 382 544246 939897
72 187 929892 945112
53 167 312940 812016
133 207 136225 671362
50 243 787230 831933
212 362 506019 630970
114 137 371195 961336
162 480 707944 882895
121 192 216192 943493
230 384 99896 677655
22 288 412835 579847
155 411 251208 850556
141 153 135864 637786
156 354 141990 283185
231 269 103325 189283
63 268 522683 588529
21 311 255226 513040
232 257 471896 612935
121 254 51742 314908
384 450 165463 557388
90 100 209604 241795
256 288 383784 674376
371 460 380010 551933
39 79 590967 822889
44 411 335928 455019
214 275 267028 926915
8 186 98287 647569
102 457 204957 700398
60 201 79456 942192
199 327 119921 753832
286 341 176864 188205
171 231 151994 999752
31 214 123364 469841
130 244 357282 736868
138 155 4850 375946
158 256 231308 592696
69 387 310764 597120
66 447 717040 739351
139 245 366222 432567
170 267 518215 858833
201 430 328673 634296
40 60 786197 991577
46 279 548653 678494
189 436 412357 779961
76 428 9476 215993
15 374 471695 935512
111 113 348878 818085
151 283 169983 724062
81 234 320630 735140
59 125 37688 568023
181 337 96624 116675
222 487 508980 826149
414 455 240787 558493
187 322 692651 909432
235 300 336434 774661
222 386 22768 890318
307 397 625457 702432
455 496 29643 270454
28 480 126267 915749
98 467 258249 369232
241 405 126371 947726
21 280 330431 373509
22 107 666864 725844
243 483 616161 747402
379 469 237686 449833
138 316 267328 865844
117 446 297944 972935
44 45 247948 342167
37 137 712025 768916
33 409 166367 615698
406 413 892211 946001
223 395 70626 693402
192 234 308311 752859
371 490 36339 135054
436 498 9274 579831
42 292 344130 911178
154 180 172940 196446
38 495 339306 924444
368 408 132302 870444
91 197 71634 202927
89 430 119652 824492
46 79 637866 672342
395 467 734048 930788
177 258 358317 434789
114 182 607728 825071
109 386 265866 527016
161 253 175669 500195
357 448 472638 571828
36 172 108641 558466
217 483 297463 712683
230 449 228250 561059
258 418 208291 995847
32 427 549714 573640
79 164 100655 827268
92 175 327463 717448
122 290 126510 190086
78 313 200529 684975
10 60 14343 575009
91 444 434701 652419
117 362 35893 642991
56 395 609532 900558
38 487 25578 727826
212 288 259377 706834
314 429 349695 799242
169 392 376951 516122
30 465 342121 468311
229 408 151269 776821
163 346 602592 703513
44 219 503150 686205
81 475 75145 228134
10 114 273542 781978
172 324 234215 589135
192 257 611165 664074
73 328 6194 957832
14 408 518253 625453
28 465 120845 397098
9 346 83302 697941
172 287 690285 773085
297 414 480178 768620
313 437 519186 918481
350 421 582554 842993
29 247 317176 475437
112 128 510041 639991
93 237 37089 429953
82 242 127893 691605
29 478 381889 779825
243 419 64796 208180
83 481 126660 655003
65 182 14347 473211
22 311 218774 464999
2 39 62094 858764
276 352 492046 926209
94 290 513474 617814
54 119 42362 293298
445 472 250541 858554
52 425 29908 689106
106 468 449778 678668
166 480 184903 198981
18 57 261074 757332
222 471 21167 199892
205 260 534640 959379
259 289 1740 744582
132 233 119488 677157
35 395 814002 882614
134 353 634832 780131
299 385 833812 856355
385 402 130038 529975
207 430 286466 551141
132 486 514096 762196
420 435 165152 258678
165 418 358660 743804
126 411 270263 557805
259 435 572909 905094
171 257 377073 429264
153 493 423399 747199
40 82 550017 585920
171 212 39443 100015
44 499 157768 720946
60 106 813471 901572
231 376 188841 600085
31 163 649333 761749
12 287 143280 542757
17 156 704950 890478
47 494 290869 550069
58 384 589511 861556
279 457 19323 551839
394 414 259996 365309
122 245 448836 726636
84 275 780062 892320
77 448 700964 923341
84 170 890982 922265
16 134 441050 556073
369 413 902647 933980
154 221 280134 454485
145 400 56481 803521
242 316 530156 837516
251 327 133929 666550
121 403 807838 883865
130 291 698819 707158
115 221 655983 779582
61 485 74981 93205
214 318 90113 889690
170 314 232555 409985
337 492 70071 716439
319 499 285573 382989
120 205 93411 197762
81 334 124948 904919
153 500 200637 297282
263 412 97625 293841
382 432 704090 832745
51 426 65300 130239
222 418 482236 846678
18 72 149691 767808
70 222 634908 863804
3 74 683655 759855
425 489 400336 884292
103 484 14313 396534
254 366 556768 745630
179 281 203359 952096
2 388 351074 950683
343 405 17116 357978
272 412 331266 992885
92 345 14921 168270
64 432 84957 821034
269 399 537116 733919
22 48 93884 199201
94 329 302182 667648
331 481 208737 653255
173 223 465584 566714
451 494 313202 782690
122 394 220325 467311
37 268 402787 557710
36 128 501910 939903
27 138 94355 701110
231 257 743711 912889
439 495 356611 468799
217 364 338547 369562
248 314 5559 668604
221 414 742235 756257
181 444 159043 856069
297 423 357978 395450
434 439 6156 45516
44 47 789226 963986
376 391 303459 320596
142 240 470405 673021
241 476 323461 475964
50 389 79717 198422
112 494 54490 658768
260 319 52194 570569
109 225 97709 997507
120 287 530010 961492
162 440 503901 833469
341 433 801174 974306
121 316 124634 391056
170 203 252015 589477
314 318 427135 878925
203 488 142448 931118
179 427 102899 139955
317 446 149260 158830
228 237 179083 390170
240 420 707695 919087
328 360 826495 853881
30 323 545195 622248
382 493 214480 424120
84 89 137863 873280
119 234 240761 397935
31 372 47268 73117
199 452 927371 953789
438 483 74649 362810
162 304 563192 928529
126 276 624738 730618
9 209 163593 461450
229 298 817807 886268
419 462 284203 495344
171 290 542611 886741
251 369 47806 330464
233 273 122454 684395
334 428 520553 763938
27 462 750970 767523
236 472 423385 430914
52 72 309652 944365
206 490 337632 439708
171 376 109744 224372
187 421 673901 702006
206 311 679738 902752
40 41 30853 716643
67 165 298174 558302
88 488 825891 981686
11 338 350501 770255
395 462 204484 901771
132 355 527866 736405
267 394 297204 954762
365 472 910863 976942
405 436 644971 941715
100 389 439939 719625
162 328 265829 495838
435 499 362690 943246
173 396 845016 987380
380 381 240136 528773
147 397 342328 605471
261 269 516333 642017
56 400 256007 803339
140 463 215967 695945
125 125 228156 765975
59 198 309307 709220
87 370 296686 703101
173 468 534466 748225
53 421 139936 333181
121 173 491549 971729
372 387 227735 394011
180 350 74826 126329
156 336 357152 948715
33 372 168755 774373
58 310 96777 871855
80 82 405002 631243
30 132 254534 636804
2 82 156225 608532
267 320 66587 375169
298 415 710805 966346
103 498 558135 659519
221 243 559530 726889
96 300 172659 178233
175 253 583234 962158
134 267 100636 115313
200 345 657520 773212
299 463 549040 869112
213 386 129167 579916
235 287 687302 777807
29 42 243681 853688
137 346 297163 421913
98 499 470732 775672
117 485 87719 975817
181 430 633336 723995
80 227 593106 766145
373 464 85698 895311
11 112 379856 667540
6 44 75142 427572
336 389 122839 888657
328 334 593570 762951
140 312 686492 738767
421 454 792001 926838
180 443 74497 317644
168 307 687178 919693
49 271 98276 871069
92 140 309332 689769
425 476 68161 432170
91 253 314416 831111
229 230 517260 831003
34 97 139355 594566
351 392 206059 428561
157 253 252427 409588
153 157 350702 697244
296 471 522928 760123
97 247 828284 894351
188 246 236917 725119
378 475 67919 269360
125 326 683217 863925
475 485 121132 405627
215 238 321242 889910
112 371 18486 191518
413 434 449032 951641
276 361 343383 510048
1 21 250347 263317
87 230 30055 519707
131 212 229624 508686
102 116 629817 833205
227 316 154446 579038
190 283 286908 590475
47 400 39506 759908
175 240 523195 786307
123 240 773542 794969
210 248 341376 468421
230 351 869345 977106
275 452 218901 722120
199 353 301157 436042
416 481 542868 842380
225 315 118639 910489
445 465 950036 965704
68 77 277025 368129
176 252 726405 836549
6 102 112102 461053
2 280 128984 183172
52 181 565025 832385
96 244 674764 964411
254 469 391251 720933
198 286 202988 685617
362 364 53745 114389
115 145 840794 869568
151 395 706282 846973
144 248 537300 835266
142 176 369684 652272
299 386 133034 780206
52 284 501138 601601
70 477 446783 803570
166 341 561172 864307
311 317 33313 250227
63 199 704162 739594
211 342 190870 757813
348 353 65090 359493
26 146 591549 845295
161 284 709502 915082
260 423 816452 878217
88 240 183398 197111
56 337 733062 777970
35 156 188228 482131
366 444 88070 379097
89 291 153159 604789
305 466 280627 712689
42 88 195708 977200
276 464 310003 371052
15 113 70801 420070
363 449 15335 198039
22 370 203563 873087
159 465 836607 961157
100 167 585065 957747
288 472 39411 865691
251 329 16610 609645
26 113 714041 980696
225 348 304526 650462
1 62 680931 836212
22 274 70370 997838
285 378 350796 492736
43 396 77800 840367
330 343 137010 879778
239 445 721970 746654
201 351 89428 952362
324 401 215962 910305
16 176 413245 529049
114 142 43238 957778
33 343 242738 450513
312 427 230608 599457
6 234 58450 367618
123 472 147675 296772
133 176 237102 718576
258 308 450889 852335
133 273 229266 897735
98 472 187043 411940
55 357 70283 171030
219 486 186724 300891
71 360 658042 761526
297 334 238861 322068
21 429 192089 957436
177 278 44423 665903
158 309 169259 895168
63 481 97550 250837
79 469 321120 434687
64 362 137763 321486
221 288 171406 495880
436 447 410267 781364
202 468 149097 489804
227 230 597539 814999
19 236 392216 766797
198 433 93901 643053
172 277 204692 528588
33 202 526178 942105
57 341 72276 113510
276 355 249822 369991
295 330 216559 915271
121 373 330449 903108
97 139 811675 814571
227 295 159923 424824
250 411 554134 880966
464 495 12590 250804
51 100 818258 839431
227 421 90408 584431
67 201 12291 823319
119 322 431750 735812
216 425 66735 794362
3 58 470636 666105
101 320 130135 220238
96 180 380938 736998
131 220 555255 557857
186 492 48059 164617
238 435 418411 576701
53 451 154223 458120
309 375 768833 982729
218 468 648833 706537
69 423 836671 866164
102 460 119513 526232
179 268 449522 600440
305 408 2894 13932
133 194 421305 960099
27 83 418218 850957
51 187 350037 574404
18 370 280940 533938
144 462 35245 916453
273 466 77828 871303
85 119 320824 557889
27 256 261720 560782
86 388 221818 524470
388 464 419502 891778
166 290 802659 993905
35 196 336597 657678
9 49 209274 825781
366 453 32450 697083
72 259 106690 990450
14 472 310753 768521
339 409 351574 756225
78 203 522867 692078
368 483 325525 791255
30 473 935039 965284
22 58 236887 277171
106 362 8785 785689
364 378 410229 999234
255 349 242110 720981
406 445 514686 937522
108 263 382827 976740
97 264 174081 402627
237 365 428610 854017
187 274 181848 324635
36 292 163007 333420
153 414 573235 936114
67 259 407555 694575
260 472 264431 345076
315 375 341471 647258
338 431 260449 621167
54 317 307327 566128
356 475 416499 631962
11 381 575424 579506
92 385 511537 947496
159 464 355050 395482
126 223 176265 380449
22 292 195074 238272
211 220 638265 816240
219 389 924244 945591
194 404 340742 878556
99 136 390021 453979
191 367 101701 337516
65 330 13534 652405
42 298 32853 963686
124 171 158759 690882
196 351 845498 932084
69 440 372679 553114
272 344 431669 976979
371 499 288413 883351
218 218 120899 390113
135 146 289655 371528
8 296 335213 639466
324 483 330347 912530
174 196 360965 408094
136 143 917331 961208
228 267 146137 410661
79 364 227796 434549
13 81 348694 493715
10 201 370805 865243
208 307 10271 103542
130 469 16072 745155
165 388 65152 669601
308 383 623149 982482
387 494 769285 883965
185 357 267438 628112
49 158 277504 838558
98 358 125065 725715
257 485 619386 744958
305 381 658469 880893
269 493 314151 723620
152 453 453651 754038
287 447 154355 851803
466 471 553371 635592
96 123 908280 923480
45 494 564896 980801
330 354 116539 995635
86 431 274354 654103
75 423 104856 761926
6 379 32315 281177
169 292 132980 273614
135 423 244757 343336
116 370 684589 802915
109 484 771939 783715
253 337 179275 283925
35 379 453628 478309
336 453 240234 497684
49 193 447485 778860
191 217 237450 944703
114 286 427483 705812
253 400 230397 234361
383 464 522651 715572
216 427 844751 894846
306 325 642110 839411
145 160 89353 139793
45 153 53189 327761
343 490 576308 788816
127 127 3791 252879
26 39 3592 41260
2 94 228070 756831
21 28 142826 589172
82 353 784935 972512
78 80 578216 893122
232 256 222926 737235
50 98 375224 799234
24 176 422053 628103
46 414 350916 463312
139 495 95337 556159
8 22 215336 937374
271 441 426238 654019
202 305 317433 547140
61 374 56710 139658
423 443 31233 347450
187 318 245232 285854
166 232 112499 514371
160 335 70529 906533
194 217 38134 843907
339 496 276540 692152
292 300 110324 492212
17 33 631869 850440
328 454 714241 714645
95 140 476228 678872
78 112 193242 267623
122 264 174155 237957
61 338 417528 792443
56 94 628208 694067
237 390 120419 280254
140 275 27102 647045
93 285 258098 803232
178 231 143342 482103
196 255 410964 701371
170 471 455679 586859
31 121 4387 440439
67 453 5655 584998
195 416 285908 506969
55 304 50422 938499
19 441 204671 258083
185 196 431303 864365
233 328 452754 649025
203 298 12681 39612
176 498 118242 969471
303 320 123896 277997
156 235 266642 301317
238 459 205140 702399
222 256 423422 735804
259 286 683458 684343
113 482 137096 456263
36 59 822711 985295
57 117 457304 512211
52 436 790207 834522
23 59 617515 915517
155 260 134268 619867
189 228 38338 872022
474 479 239032 924938
312 479 874200 897552
38 198 213262 322594
66 314 834804 928601
362 469 763123 824527
137 236 256395 708847
143 162 38223 328713
87 202 310175 592912
65 444 193229 751465
16 274 67428 826311
189 214 434879 665256
59 106 363480 752074
272 454 92952 907007
347 442 132205 775937
270 360 721062 814159
356 422 31236 483272
200 217 512491 676500
68 427 338801 996281
57 468 524925 947511
467 490 178239 276999
295 302 10237 601597
148 302 8360 786173
71 183 405426 729421
8 104 311821 888697
49 60 524127 824311
111 327 36759 882794
19 121 407719 703986
69 463 398576 798257
172 370 808493 839370
17 325 364081 961395
1 199 784155 883172
221 360 462919 612327
137 269 503397 711595
7 99 110741 315970
128 311 19955 885090
30 379 199698 839600
43 53 195321 701730
59 401 379610 663124
148 253 56113 680116
220 442 35383 236988
78 132 361528 464934
174 490 185117 677497
303 484 362714 586558
256 332 83737 718666
150 486 462708 785466
239 441 158991 358669
284 440 411159 731455
225 338 576654 648146
321 432 938182 966310
30 105 331941 667779
333 336 211006 494516
171 443 578252 900444
9 69 349747 363152
172 362 25089 905301
44 456 124532 316460
233 457 378053 701186
219 388 344362 831845
248 492 163785 633580
180 290 372474 644448
51 313 180821 272918
120 421 530567 980481
7 92 183899 402133
50 92 308431 868282
49 468 309936 762686
186 400 141780 485785
391 416 451070 635717
58 164 50222 823544
214 461 154685 231042
381 460 155824 651517
150 466 178516 339723
153 241 488141 563149
187 472 314429 372157
60 86 133828 374293
9 476 23885 584898
172 293 74106 825738
253 499 786485 980422
291 458 942308 965775
30 440 490532 660642
34 291 137005 978673
101 329 25513 47914
12 306 92839 181741
166 490 116723 732690
180 282 558427 745386
178 200 48222 628135
30 490 110262 921781
403 411 412313 751797
45 485 93373 888801
166 437 657638 982448
379 471 75287 272988
9 220 5677 362854
41 103 624591 944218
155 313 88705 855496
342 466 777277 968604
89 368 480913 720400
53 73 574285 781009
218 423 279808 903040
94 153 176027 742724
56 455 105577 478995
158 168 914164 939564
268 332 582673 769660
85 436 67628 713453
24 380 710717 833448
353 432 130808 502501
115 127 653631 921892
209 270 345515 396355
283 325 90835 824509
72 302 4998 184133
157 192 52276 283157
285 444 282080 574467
164 296 407914 601447
149 221 620299 860127
188 190 513758 747748
112 311 93262 985136
122 394 193196 592322
193 319 23236 377328
328 337 75512 726271
91 121 300738 699136
3 239 177239 300582
76 380 37365 745763
122 421 493510 652231
85 271 153718 422331
39 392 131878 735436
57 210 748037 758672
35 393 246365 474307
396 477 607567 945500
399 433 312826 784805
22 164 58588 179084
449 495 347667 899932
219 236 192462 322262
275 491 139836 444249
272 399 714792 887872
30 158 810635 961156
8 426 202676 934553
358 440 385104 515501
231 440 80539 980225
57 388 330458 880156
269 293 39271 242419
19 111 718010 898606
143 477 305300 432801
6 308 351283 632286
167 339 35107 553958
48 310 376778 936562
101 452 351488 873354
361 362 198297 473005
419 482 710593 715423
28 438 428602 472932
254 356 98213 778231
369 413 449496 654080
207 305 205538 812606
451 467 189383 814567
236 402 186262 682407
203 449 353931 659266
40 122 64523 388411
419 476 377694 454626
81 276 552839 707993
144 334 609202 878424
461 490 421807 660456
189 411 450665 475023
277 281 39225 636926
44 335 705456 909507
83 381 241354 610218
356 411 403436 695979
39 317 627781 775682
2 204 384884 805992
17 42 848927 982799
83 173 299591 640859
369 453 196435 718788
294 412 485346 940595
165 174 243051 612530
30 427 532317 747965
97 198 471700 523647
153 382 289169 794043
193 423 138095 198505
38 366 355715 431670
2 406 150457 188669
52 295 190366 803468
68 417 245994 415997
166 446 592995 993959
105 262 581046 807414
88 338 206760 612934
29 133 451998 921617
331 418 628323 883667
332 476 333343 552978
208 379 356446 832446
124 294 78439 845921
397 459 438916 894573
353 461 565190 701986
401 420 96033 288302
300 418 64382 803717
100 400 865784 948391
85 375 172753 418761
58 292 5198 795268
352 489 333810 641188
385 455 228382 778738
220 268 343927 560520
228 491 172904 376642
285 497 180358 878449
36 100 232911 744232
184 344 281327 922015
65 402 76594 551253
53 134 401414 715937
88 296 11026 963355
305 367 40226 870857
129 384 247498 378381
207 265 184801 256829
158 412 65193 934063
77 255 167656 346519
113 493 235260 859545
174 246 4185 91834
211 321 375687 483892
15 117 510399 762895
244 246 405131 704010
302 311 92959 888810
222 372 674503 892476
21 301 11293 576484
95 485 134082 387190
268 375 138267 263940
85 158 621452 639626
20 126 131850 399871
115 480 432916 620233
290 394 42226 927363
118 228 336190 559918
25 249 87562 214585
103 120 238239 348667
285 477 117414 502179
156 294 738865 804419
28 66 22642 720642
226 397 455558 672038
119 283 247236 599400
363 441 323505 984963
67 466 199547 638085
65 169 392675 904998
349 353 538763 725994
9 127 130036 530413
44 406 621440 669029
86 131 293477 507249
221 228 270837 385935
168 341 370897 742133
295 407 896569 923928
96 360 345277 735560
39 448 461554 769808
17 318 416195 859060
223 224 416705 480499
161 327 381233 923953
54 141 77073 767167
63 482 310888 335558
210 478 751167 892569
73 443 628128 770873
33 333 57032 174849
79 350 33908 906424
154 406 317314 323128
84 433 214899 536989
73 417 614062 780054
471 480 377689 607294
312 448 284873 786609
88 255 55745 984439
121 128 159288 651470
195 206 209859 557894
373 453 43525 545036
305 423 82025 151730
339 438 909670 931783
260 428 409207 803710
170 240 210431 417846
175 258 402284 574878
71 155 30360 742699
266 444 240219 495070
95 317 40105 891473
369 481 43202 331707
270 337 562029 757729
264 290 477003 971236
18 460 738569 894848
132 193 375847 829798
202 496 129819 922558
128 292 624888 636460
222 345 54090 527932
325 486 187095 902149
322 377 265475 641937
18 62 118940 954829
80 139 415272 693397
194 270 202324 307470
190 379 517833 848494
7 234 154292 421080
75 78 475170 507254
318 412 210700 897585
46 175 323915 539522
236 461 278744 680315
99 140 532221 611938
259 334 107375 250896
138 389 123996 625207
122 350 545075 776551
244 276 283805 813188
4 413 710772 983810
30 293 307725 716266
105 468 130056 912932
370 459 178628 570292
23 480 194018 659117
76 411 134385 299464
39 277 158553 910935
134 239 488092 811399
95 363 692624 795208
8 284 408889 906964
173 251 553371 797062
42 498 840021 883705
20 223 15490 206783
150 453 77427 341167
101 343 56977 752331
192 422 168786 868375
136 434 861409 921143
150 218 344459 521320
322 329 318381 504215
86 327 307698 344235
76 160 242161 514480
381 498 319587 383223
99 269 587290 956551
190 277 756075 784326
211 335 221820 836780
278 336 61657 358099
332 459 82223 126637
269 458 707428 950686
166 385 526265 949588
27 163 425840 977613
295 390 81254 202485
19 180 503162 761229
15 481 114360 440702
111 458 304421 502359
81 141 92909 431057
242 390 800336 862627
259 276 388891 716774
82 302 210738 941948
324 492 469842 660784
171 445 649537 747422
278 281 90239 729240
90 449 32231 33660
68 381 125139 253623
161 327 116249 758772
102 491 276255 475545
73 134 98748 218202
125 486 568589 656648
10 282 822536 964559
126 142 210150 544731
74 161 93313 264307
228 452 136741 517929
29 278 884731 895512
371 408 160985 557295
38 41 101018 656042
130 375 274017 850157
52 491 267484 331067
178 217 328567 580103
229 379 75309 844409
182 189 212049 333311
217 412 218041 233940
319 377 117711 791234
276 415 598141 735080
96 257 448297 761600
148 216 29083 147677
149 284 171012 727779
40 380 246320 452561
220 228 512797 785872
131 264 626301 746736
141 469 722907 744012
96 443 321047 689853
39 196 451452 626538
386 411 451046 774214
344 387 166766 622057
229 383 74111 619326
49 448 103259 474431
313 494 100731 373805
94 314 96711 405910
37 109 361075 612114
65 156 317566 503964
177 450 284963 447688
20 372 403403 614453
100 131 683899 993865
31 123 158329 629843
60 468 367781 519999
153 209 290042 976689
155 170 803325 854115
71 78 58873 637243
106 205 506560 965478
76 365 368880 670027
96 495 91877 353926
70 254 721720 956037
165 218 840169 907818
63 279 400858 441948
217 325 547140 761624
254 366 606012 798360
71 71 182998 763837
68 287 653781 853025
15 450 537084 745658
55 229 493120 523220
140 298 431037 632928
202 246 561271 591227
70 351 108410 765324
216 421 80035 589138
343 371 609630 772136
160 290 53804 779762
271 461 584015 590887
351 358 107234 283649
122 497 916576 946199
303 368 38789 507469
5 378 128720 804112
150 498 189992 717858
220 345 315973 770009
235 356 340164 496316
50 357 195708 596682
259 416 497756 995708
135 389 194108 960306
126 289 232897 829793
355 360 958513 963004
222 358 669347 714577
66 172 938 863273
101 258 359588 767614
3 121 479673 836261
380 388 334016 967777
15 173 161884 356803
132 298 702948 911152
460 492 390507 934701
33 354 85950 649277
25 66 675282 949222
161 167 296169 959247
281 420 132429 990669
151 297 334665 474797
180 469 104619 207820
267 312 15770 528655
78 277 459110 463355
482 483 544006 545059
49 132 303215 735639
237 292 115735 649924
15 156 80807 156944
163 240 57132 931823
142 272 161750 848935
260 371 377589 655337
147 295 598980 630798
208 277 142985 298177
191 475 54982 117743
212 477 221258 772719
201 344 778006 853525
200 293 311064 835137
193 238 159998 524453
438 461 696141 823607
232 291 397508 938939
423 498 212037 754689
250 279 115813 326022
131 256 77599 888531
184 408 484476 855604
93 107 34151 311891
182 388 558603 960142
96 325 300101 453408
39 386 367267 666235
303 313 346914 937275
82 149 462726 472337
109 131 66287 317814
16 242 202474 802289
179 186 236624 398368
79 418 144594 874861
26 461 213411 598001
120 351 395997 767664
124 422 114577 970003
155 272 958691 988902
263 329 603630 823068
71 356 322455 657608
387 430 55975 874656
8 188 535602 986033
148 454 552499 715795
73 144 192495 836514
267 442 107038 678849
96 392 38710 612291
220 358 191142 642339
66 145 349304 365102
75 76 740311 943582
115 412 6763 445967
113 366 75613 573790
256 478 282636 784022
419 485 407411 973367
54 228 12076 843299
267 411 34441 64828
42 411 208485 930483
294 469 668419 721584
57 237 244698 905274
162 349 479064 615105
199 491 677409 915478
35 389 167127 387614
203 442 230913 346704
321 353 518231 927884
246 366 34566 243068
11 486 272501 508568
50 74 367422 413841
63 256 168053 498878
356 455 361814 926841
96 440 112537 314455
219 494 90814 975592
327 423 24668 125397
193 464 575585 840055
86 301 348622 854874
315 487 738647 784550
25 70 375376 952602
232 415 421827 818569
355 375 50715 584200
93 306 554515 675014
410 485 95534 757029
118 225 481525 597083
55 57 433542 852750
371 396 734443 945292
44 272 513503 837020
88 311 451681 877517
314 395 461716 532406
53 229 7537 86920
305 490 138714 764565
147 422 136590 921829
55 339 597277 871722
87 164 58921 442358
59 440 327369 472213
245 379 721237 889192
140 453 421597 987692
33 368 289523 511580
24 144 126297 428236
142 178 10549 48125
16 198 167602 607825
213 245 126312 368272
184 376 146914 211992
120 229 14111 36105
33 53 468565 518154
233 272 755295 758087
175 228 492722 881592
68 352 370719 503270
94 266 54673 440978
191 484 325601 373226
93 211 520140 883682
173 244 619705 897793
149 446 561920 604621
31 208 317215 784258
234 306 276979 365585
100 225 43490 736303
46 475 218236 484468
68 310 591461 816872
12 452 367536 700554
196 198 230844 503592
213 495 9025 309115
272 329 309635 569005
465 486 502711 934589
65 243 323610 546200
19 218 58197 982879
157 439 253802 799751
109 156 137690 978156
205 281 694699 725351
465 493 220076 736764
146 210 518631 822120
26 208 537693 548590
245 303 388551 954872
247 263 537053 937750
256 352 790855 890364
7 44 384871 434563
176 221 129262 352021
37 189 88784 838182
250 404 60775 356813
5 463 125717 644265
249 267 158364 599136
238 366 90121 695416
89 122 93948 496836
17 206 528510 533693
123 278 169314 885713
311 348 7496 951560
103 160 528687 618418
164 403 779034 786265
21 170 162386 460980
247 259 252506 254847
221 341 639237 865146
8 398 655675 689281
130 345 640293 824989
45 484 108204 532999
143 390 4658 151416
144 302 307274 492665
105 323 289081 655050
352 408 60279 149072
100 277 304660 836998
284 293 492672 952265
160 489 592557 732885
261 495 265884 895989
2 151 416999 661646
272 452 670662 721774
63 377 482580 527206
470 485 631651 955570
162 261 792567 897396
90 306 597295 849660
217 250 302096 330179
329 414 29682 198085
83 417 207679 459220
206 340 380934 697346
51 255 502724 863513
15 387 873999 974645
63 177 771394 943482
54 153 57128 720754
122 307 22849 755302
72 285 301335 578488
14 367 37708 724425
53 205 105358 140459
371 455 159535 804342
179 237 678340 960913
86 94 19246 420747
374 491 256351 683112
32 199 913956 954765
99 484 492443 885202
2 112 609626 668817
336 406 325627 773861
161 206 94554 213294
245 340 69785 174207
305 330 89030 875172
178 232 487062 558283
399 430 401017 673765
311 498 50609 75319
165 444 235777 270570
279 404 560782 632836
64 187 182255 846130
188 432 232613 252039
420 492 107785 753521
151 419 376433 756934
302 318 497315 566549
113 367 56777 64275
311 404 759441 843698
159 480 457074 908629
18 110 553449 639329
219 297 302414 972140
50 491 16993 242012
298 468 393425 837137
99 474 273711 850803
340 430 445002 846839
333 389 658343 720795
220 423 115416 220237
96 384 224680 290038
167 451 713171 976657
34 352 660671 993649
331 426 176430 497808
399 462 966492 981590
183 391 60575 942944
71 238 664290 718917
12 333 226395 884526
63 280 816946 967426
365 448 318716 793602
103 481 655312 979387
28 46 70426 831741
7 84 154898 568367
162 266 180836 215472
241 251 17262 845125
3 73 423204 760008
65 285 240150 703930
103 232 109213 538997
205 383 60732 280876
116 428 647509 886787
199 376 41684 587817
7 389 768652 967640
129 247 25671 984901
131 261 448875 796695
45 376 16976 945777
473 478 571341 609183
207 216 102635 669914
183 423 424733 505773
150 308 12549 809538
53 314 577913 777177
181 430 119935 803811
42 161 116857 561086
36 333 23214 562366
305 406 171548 280511
313 473 477007 899497
121 235 241236 901740
140 428 339094 567126
44 154 433358 672224
292 435 711476 992386
243 305 272562 961692
75 127 449231 524057
33 104 246093 402505
417 442 245003 879512
62 103 2591 568990
68 94 5490 424435
221 292 602156 677713
99 435 82239 829983
193 396 43931 538767
23 487 504349 870407
441 443 272911 349711
234 274 111065 512296
7 228 243674 597637
71 74 179147 249163
227 362 297654 807296
136 177 405887 925369
32 317 177554 980487
155 335 47960 830449
128 222 680361 696511
76 348 21427 709008
144 434 265100 670008
66 114 241279 849154
307 341 103517 564927
294 313 28886 537325
224 481 231230 987487
41 59 278538 334288
115 298 475250 687814
225 258 308659 709240
192 253 495018 852319
23 305 511497 609949
181 375 314474 615014
187 251 368151 599019
380 474 212884 586506
