1 1 1 
1 3 3 
1 5 5 
1 7 7 
1 9 9 
1 11 11 
1 13 13 
1 15 15 
1 17 17 
1 19 19 
1 21 21 
1 23 23 
1 25 25 
1 27 27 
1 29 29 
2 2 2 
2 4 4 
2 6 6 
2 8 8 
2 10 10 
2 12 12 
2 14 14 
2 16 16 
2 18 18 
2 20 20 
2 22 22 
2 24 24 
2 26 26 
2 28 28 
2 30 30 
3 3 3 
3 3 5 
3 5 5 
3 5 7 
3 7 7 
3 7 9 
3 9 9 
3 9 11 
3 11 11 
3 11 13 
3 13 13 
3 13 15 
3 15 15 
3 15 17 
3 17 17 
3 17 19 
3 19 19 
3 19 21 
3 21 21 
3 21 23 
3 23 23 
3 23 25 
3 25 25 
3 25 27 
3 27 27 
3 27 29 
3 29 29 
4 4 4 
4 4 6 
4 6 6 
4 6 8 
4 8 8 
4 8 10 
4 10 10 
4 10 12 
4 12 12 
4 12 14 
4 14 14 
4 14 16 
4 16 16 
4 16 18 
4 18 18 
4 18 20 
4 20 20 
4 20 22 
4 22 22 
4 22 24 
4 24 24 
4 24 26 
4 26 26 
4 26 28 
4 28 28 
4 28 30 
4 30 30 
5 5 5 
5 5 7 
5 5 9 
5 7 7 
5 7 9 
5 7 11 
5 9 9 
5 9 11 
5 9 13 
5 11 11 
5 11 13 
5 11 15 
5 13 13 
5 13 15 
5 13 17 
5 15 15 
5 15 17 
5 15 19 
5 17 17 
5 17 19 
5 17 21 
5 19 19 
5 19 21 
5 19 23 
5 21 21 
5 21 23 
5 21 25 
5 23 23 
5 23 25 
5 23 27 
5 25 25 
5 25 27 
5 25 29 
5 27 27 
5 27 29 
5 29 29 
6 6 6 
6 6 8 
6 6 10 
6 8 8 
6 8 10 
6 8 12 
6 10 10 
6 10 12 
6 10 14 
6 12 12 
6 12 14 
6 12 16 
6 14 14 
6 14 16 
6 14 18 
6 16 16 
6 16 18 
6 16 20 
6 18 18 
6 18 20 
6 18 22 
6 20 20 
6 20 22 
6 20 24 
6 22 22 
6 22 24 
6 22 26 
6 24 24 
6 24 26 
6 24 28 
6 26 26 
6 26 28 
6 26 30 
6 28 28 
6 28 30 
6 30 30 
7 7 7 
7 7 9 
7 7 11 
7 7 13 
7 9 9 
7 9 11 
7 9 13 
7 9 15 
7 11 11 
7 11 13 
7 11 15 
7 11 17 
7 13 13 
7 13 15 
7 13 17 
7 13 19 
7 15 15 
7 15 17 
7 15 19 
7 15 21 
7 17 17 
7 17 19 
7 17 21 
7 17 23 
7 19 19 
7 19 21 
7 19 23 
7 19 25 
7 21 21 
7 21 23 
7 21 25 
7 21 27 
7 23 23 
7 23 25 
7 23 27 
7 23 29 
7 25 25 
7 25 27 
7 25 29 
7 27 27 
7 27 29 
7 29 29 
8 8 8 
8 8 10 
8 8 12 
8 8 14 
8 10 10 
8 10 12 
8 10 14 
8 10 16 
8 12 12 
8 12 14 
8 12 16 
8 12 18 
8 14 14 
8 14 16 
8 14 18 
8 14 20 
8 16 16 
8 16 18 
8 16 20 
8 16 22 
8 18 18 
8 18 20 
8 18 22 
8 18 24 
8 20 20 
8 20 22 
8 20 24 
8 20 26 
8 22 22 
8 22 24 
8 22 26 
8 22 28 
8 24 24 
8 24 26 
8 24 28 
8 24 30 
8 26 26 
8 26 28 
8 26 30 
8 28 28 
8 28 30 
8 30 30 
9 9 9 
9 9 11 
9 9 13 
9 9 15 
9 9 17 
9 11 11 
9 11 13 
9 11 15 
9 11 17 
9 11 19 
9 13 13 
9 13 15 
9 13 17 
9 13 19 
9 13 21 
9 15 15 
9 15 17 
9 15 19 
9 15 21 
9 15 23 
9 17 17 
9 17 19 
9 17 21 
9 17 23 
9 17 25 
9 19 19 
9 19 21 
9 19 23 
9 19 25 
9 19 27 
9 21 21 
9 21 23 
9 21 25 
9 21 27 
9 21 29 
9 23 23 
9 23 25 
9 23 27 
9 23 29 
9 25 25 
9 25 27 
9 25 29 
9 27 27 
9 27 29 
9 29 29 
10 10 10 
10 10 12 
10 10 14 
10 10 16 
10 10 18 
10 12 12 
10 12 14 
10 12 16 
10 12 18 
10 12 20 
10 14 14 
10 14 16 
10 14 18 
10 14 20 
10 14 22 
10 16 16 
10 16 18 
10 16 20 
10 16 22 
10 16 24 
10 18 18 
10 18 20 
10 18 22 
10 18 24 
10 18 26 
10 20 20 
10 20 22 
10 20 24 
10 20 26 
10 20 28 
10 22 22 
10 22 24 
10 22 26 
10 22 28 
10 22 30 
10 24 24 
10 24 26 
10 24 28 
10 24 30 
10 26 26 
10 26 28 
10 26 30 
10 28 28 
10 28 30 
10 30 30 
11 11 11 
11 11 13 
11 11 15 
11 11 17 
11 11 19 
11 11 21 
11 13 13 
11 13 15 
11 13 17 
11 13 19 
11 13 21 
11 13 23 
11 15 15 
11 15 17 
11 15 19 
11 15 21 
11 15 23 
11 15 25 
11 17 17 
11 17 19 
11 17 21 
11 17 23 
11 17 25 
11 17 27 
11 19 19 
11 19 21 
11 19 23 
11 19 25 
11 19 27 
11 19 29 
11 21 21 
11 21 23 
11 21 25 
11 21 27 
11 21 29 
11 23 23 
11 23 25 
11 23 27 
11 23 29 
11 25 25 
11 25 27 
11 25 29 
11 27 27 
11 27 29 
11 29 29 
12 12 12 
12 12 14 
12 12 16 
12 12 18 
12 12 20 
12 12 22 
12 14 14 
12 14 16 
12 14 18 
12 14 20 
12 14 22 
12 14 24 
12 16 16 
12 16 18 
12 16 20 
12 16 22 
12 16 24 
12 16 26 
12 18 18 
12 18 20 
12 18 22 
12 18 24 
12 18 26 
12 18 28 
12 20 20 
12 20 22 
12 20 24 
12 20 26 
12 20 28 
12 20 30 
12 22 22 
12 22 24 
12 22 26 
12 22 28 
12 22 30 
12 24 24 
12 24 26 
12 24 28 
12 24 30 
12 26 26 
12 26 28 
12 26 30 
12 28 28 
12 28 30 
12 30 30 
13 13 13 
13 13 15 
13 13 17 
13 13 19 
13 13 21 
13 13 23 
13 13 25 
13 15 15 
13 15 17 
13 15 19 
13 15 21 
13 15 23 
13 15 25 
13 15 27 
13 17 17 
13 17 19 
13 17 21 
13 17 23 
13 17 25 
13 17 27 
13 17 29 
13 19 19 
13 19 21 
13 19 23 
13 19 25 
13 19 27 
13 19 29 
13 21 21 
13 21 23 
13 21 25 
13 21 27 
13 21 29 
13 23 23 
13 23 25 
13 23 27 
13 23 29 
13 25 25 
13 25 27 
13 25 29 
13 27 27 
13 27 29 
13 29 29 
14 14 14 
14 14 16 
14 14 18 
14 14 20 
14 14 22 
14 14 24 
14 14 26 
14 16 16 
14 16 18 
14 16 20 
14 16 22 
14 16 24 
14 16 26 
14 16 28 
14 18 18 
14 18 20 
14 18 22 
14 18 24 
14 18 26 
14 18 28 
14 18 30 
14 20 20 
14 20 22 
14 20 24 
14 20 26 
14 20 28 
14 20 30 
14 22 22 
14 22 24 
14 22 26 
14 22 28 
14 22 30 
14 24 24 
14 24 26 
14 24 28 
14 24 30 
14 26 26 
14 26 28 
14 26 30 
14 28 28 
14 28 30 
14 30 30 
15 15 15 
15 15 17 
15 15 19 
15 15 21 
15 15 23 
15 15 25 
15 15 27 
15 15 29 
15 17 17 
15 17 19 
15 17 21 
15 17 23 
15 17 25 
15 17 27 
15 17 29 
15 19 19 
15 19 21 
15 19 23 
15 19 25 
15 19 27 
15 19 29 
15 21 21 
15 21 23 
15 21 25 
15 21 27 
15 21 29 
15 23 23 
15 23 25 
15 23 27 
15 23 29 
15 25 25 
15 25 27 
15 25 29 
15 27 27 
15 27 29 
15 29 29 
16 16 16 
16 16 18 
16 16 20 
16 16 22 
16 16 24 
16 16 26 
16 16 28 
16 16 30 
16 18 18 
16 18 20 
16 18 22 
16 18 24 
16 18 26 
16 18 28 
16 18 30 
16 20 20 
16 20 22 
16 20 24 
16 20 26 
16 20 28 
16 20 30 
16 22 22 
16 22 24 
16 22 26 
16 22 28 
16 22 30 
16 24 24 
16 24 26 
16 24 28 
16 24 30 
16 26 26 
16 26 28 
16 26 30 
16 28 28 
16 28 30 
16 30 30 
17 17 17 
17 17 19 
17 17 21 
17 17 23 
17 17 25 
17 17 27 
17 17 29 
17 19 19 
17 19 21 
17 19 23 
17 19 25 
17 19 27 
17 19 29 
17 21 21 
17 21 23 
17 21 25 
17 21 27 
17 21 29 
17 23 23 
17 23 25 
17 23 27 
17 23 29 
17 25 25 
17 25 27 
17 25 29 
17 27 27 
17 27 29 
17 29 29 
18 18 18 
18 18 20 
18 18 22 
18 18 24 
18 18 26 
18 18 28 
18 18 30 
18 20 20 
18 20 22 
18 20 24 
18 20 26 
18 20 28 
18 20 30 
18 22 22 
18 22 24 
18 22 26 
18 22 28 
18 22 30 
18 24 24 
18 24 26 
18 24 28 
18 24 30 
18 26 26 
18 26 28 
18 26 30 
18 28 28 
18 28 30 
18 30 30 
19 19 19 
19 19 21 
19 19 23 
19 19 25 
19 19 27 
19 19 29 
19 21 21 
19 21 23 
19 21 25 
19 21 27 
19 21 29 
19 23 23 
19 23 25 
19 23 27 
19 23 29 
19 25 25 
19 25 27 
19 25 29 
19 27 27 
19 27 29 
19 29 29 
20 20 20 
20 20 22 
20 20 24 
20 20 26 
20 20 28 
20 20 30 
20 22 22 
20 22 24 
20 22 26 
20 22 28 
20 22 30 
20 24 24 
20 24 26 
20 24 28 
20 24 30 
20 26 26 
20 26 28 
20 26 30 
20 28 28 
20 28 30 
20 30 30 
21 21 21 
21 21 23 
21 21 25 
21 21 27 
21 21 29 
21 23 23 
21 23 25 
21 23 27 
21 23 29 
21 25 25 
21 25 27 
21 25 29 
21 27 27 
21 27 29 
21 29 29 
22 22 22 
22 22 24 
22 22 26 
22 22 28 
22 22 30 
22 24 24 
22 24 26 
22 24 28 
22 24 30 
22 26 26 
22 26 28 
22 26 30 
22 28 28 
22 28 30 
22 30 30 
23 23 23 
23 23 25 
23 23 27 
23 23 29 
23 25 25 
23 25 27 
23 25 29 
23 27 27 
23 27 29 
23 29 29 
24 24 24 
24 24 26 
24 24 28 
24 24 30 
24 26 26 
24 26 28 
24 26 30 
24 28 28 
24 28 30 
24 30 30 
25 25 25 
25 25 27 
25 25 29 
25 27 27 
25 27 29 
25 29 29 
26 26 26 
26 26 28 
26 26 30 
26 28 28 
26 28 30 
26 30 30 
27 27 27 
27 27 29 
27 29 29 
28 28 28 
28 28 30 
28 30 30 
29 29 29 
30 30 30 
372 372
