10
492
534
256 411 103
335 285 930
131 109 614
355 395 546
370 296 701
253 54 164
66 441 863
140 157 219
255 291 284
458 451 129
284 135 428
162 470 541
300 30 762
53 385 273
46 183 757
135 436 759
398 11 81
357 71 614
115 326 253
275 212 288
455 5 863
62 87 281
366 387 695
287 360 56
443 327 679
403 462 488
337 288 251
221 153 710
182 189 336
434 384 965
73 347 482
339 409 341
12 283 473
206 490 489
214 441 936
324 272 218
379 117 499
445 259 640
10 441 861
394 304 797
6 377 928
35 225 977
151 157 540
163 283 26
456 417 411
11 250 99
441 137 553
175 11 500
474 21 905
471 415 725
279 341 543
435 296 924
427 448 149
211 119 616
484 3 678
55 427 364
469 376 513
429 59 728
76 41 70
165 20 169
65 220 47
343 163 831
194 98 215
202 229 23
2 142 742
219 197 309
194 174 293
226 32 192
350 28 646
415 193 866
323 259 650
1 30 277
56 145 724
478 347 529
448 349 71
422 76 760
250 190 47
43 417 483
306 195 567
199 38 909
445 361 880
6 283 22
63 339 315
218 245 203
30 122 4
477 52 45
216 222 687
462 265 148
168 80 803
395 199 73
323 152 479
430 79 66
487 62 17
198 200 898
256 230 732
91 215 612
415 352 847
358 242 80
225 411 504
208 314 764
228 145 76
38 3 795
131 490 845
71 116 301
97 372 44
244 384 791
444 227 359
294 13 442
329 159 873
445 367 571
268 23 796
163 62 75
58 193 133
94 185 934
251 202 30
146 446 426
176 318 166
479 40 935
120 370 586
92 323 569
378 19 309
317 102 987
179 160 668
451 175 721
348 426 43
126 0 70
127 96 60
356 83 917
27 203 367
348 215 562
465 101 321
33 338 367
75 437 848
310 397 959
159 253 353
209 299 721
54 427 909
298 211 573
422 158 856
424 15 632
177 400 173
441 353 924
315 428 661
270 246 518
400 325 132
464 455 179
448 17 790
37 235 130
121 165 132
408 97 735
339 274 507
372 143 756
171 379 172
487 157 71
137 478 172
452 450 871
82 407 237
140 364 680
329 485 470
104 321 267
387 169 690
5 461 57
389 140 384
136 55 222
130 112 528
370 72 6
160 155 377
380 215 549
344 464 798
473 76 628
127 463 373
468 389 854
461 206 698
260 342 565
217 473 974
80 351 406
394 431 745
50 240 428
483 92 936
416 485 753
179 120 908
31 97 965
264 478 327
65 246 518
414 384 959
383 464 822
344 286 977
461 337 717
220 328 17
32 172 50
332 352 435
31 303 860
40 76 382
334 61 88
399 475 848
365 366 893
190 139 875
367 108 172
291 248 36
228 200 913
237 452 781
207 484 12
274 444 460
327 286 174
55 114 717
86 479 416
90 98 675
381 385 591
436 184 591
248 412 964
232 78 812
76 285 340
143 68 920
207 315 175
252 290 973
360 377 976
263 467 654
225 276 687
295 221 792
42 469 984
481 209 666
388 205 920
208 268 308
471 395 211
449 155 366
461 24 971
461 207 270
478 433 787
389 156 396
404 118 781
259 27 910
193 416 211
332 132 47
47 31 231
489 401 230
158 370 114
284 259 2
226 166 215
444 475 695
391 307 34
315 74 249
288 267 97
54 107 973
8 74 797
358 72 390
292 230 428
249 435 888
414 89 422
360 41 773
463 432 380
112 175 578
280 463 386
293 437 369
437 365 540
41 152 108
458 444 438
262 201 501
245 124 622
314 404 883
366 375 31
153 407 550
14 196 645
143 489 582
300 354 56
39 396 648
342 282 588
303 52 693
128 297 261
41 39 562
408 405 289
302 478 477
212 1 725
172 64 130
490 364 664
109 403 476
452 253 955
175 477 527
99 33 433
68 486 92
441 402 630
125 133 424
297 345 757
13 437 662
218 355 858
206 464 590
97 344 611
191 439 360
338 47 393
290 35 628
201 476 298
438 109 139
170 327 996
314 340 218
111 479 737
192 193 906
186 290 426
352 402 534
424 248 921
36 458 552
55 87 340
65 34 573
47 124 728
455 438 233
236 470 864
372 91 637
401 277 379
283 57 45
112 401 513
400 358 919
231 413 3
46 398 97
382 446 625
474 329 47
414 73 673
261 365 64
381 275 809
139 66 519
300 178 552
216 86 6
99 317 804
69 283 298
485 173 924
453 75 381
367 489 238
180 258 880
83 67 563
264 127 713
342 427 215
329 151 989
183 170 938
370 159 401
463 152 302
431 33 370
235 321 187
113 9 618
276 12 649
302 276 660
314 46 399
424 376 379
128 67 517
69 357 169
293 328 429
118 187 923
431 423 400
250 44 181
167 320 681
151 50 62
263 364 840
149 296 920
187 344 659
396 413 860
192 214 173
60 252 520
42 112 635
185 362 107
337 37 815
10 108 321
370 371 41
206 441 189
418 136 753
204 452 670
268 72 692
88 133 121
175 95 325
114 281 491
16 126 940
239 56 968
19 347 588
84 62 197
284 480 525
417 112 90
470 300 58
86 388 211
446 484 823
426 106 644
196 122 150
415 281 79
250 301 138
457 305 816
41 97 88
174 22 613
267 413 249
432 7 874
159 373 654
61 307 928
84 423 802
313 346 92
439 24 469
421 402 622
384 443 443
256 45 334
240 312 315
32 173 78
53 332 743
146 313 986
185 397 297
347 138 319
218 86 371
390 427 689
295 319 821
297 83 346
162 243 299
440 196 792
73 249 332
159 316 797
472 9 126
144 356 172
81 82 366
45 392 845
409 195 425
153 413 544
355 3 816
457 364 840
160 437 489
115 105 121
383 5 959
476 70 507
215 72 858
453 37 478
133 367 342
53 28 595
389 303 218
64 268 878
347 348 652
387 383 633
252 274 454
126 258 468
276 474 641
429 435 46
483 488 669
160 462 34
250 359 485
342 343 674
229 198 38
140 93 614
76 345 196
429 471 911
281 176 281
205 33 24
166 436 984
3 104 938
200 274 781
288 46 976
73 275 714
127 415 188
152 411 813
291 268 253
197 57 13
5 262 598
168 349 839
248 272 75
297 472 606
214 268 944
393 262 319
279 389 382
258 461 469
10 260 681
234 378 191
62 303 285
336 472 66
142 148 498
464 445 966
77 87 307
228 481 841
162 188 310
431 446 975
127 456 735
12 119 149
446 101 849
78 437 857
60 87 157
233 472 390
467 57 986
317 286 623
429 368 15
438 308 701
416 355 141
82 367 644
47 321 518
315 400 63
71 460 415
467 201 703
164 96 532
29 333 142
295 270 907
177 216 503
13 60 102
226 63 386
65 110 895
418 425 563
225 416 159
39 311 181
325 475 945
176 13 759
234 228 165
168 406 770
330 419 602
435 73 693
336 59 895
479 477 56
37 130 32
56 169 683
116 414 695
272 19 756
190 253 136
379 341 554
212 179 358
105 42 39
474 299 594
380 286 892
220 323 642
395 299 964
390 415 558
288 116 309
199 306 710
258 113 315
232 325 978
53 351 153
359 253 576
313 141 494
172 281 117
81 185 309
160 3 248
82 291 584
22 490 723
216 256 828
258 408 374
400 461 961
92 329 282
83 70 583
360 162 273
468 243 734
384 324 297
144 326 8
431
348 249 662
484 425 842
251 342 215
79 231 175
171 480 808
174 58 390
42 220 14
18 384 747
323 136 395
387 462 754
246 318 79
288 311 409
465 482 39
39 481 974
345 80 203
160 254 361
37 296 330
259 234 278
25 477 338
324 372 904
301 127 30
36 335 129
196 228 279
126 187 536
287 40 812
357 120 594
74 77 214
343 336 417
12 362 310
229 114 251
4 415 178
429 451 105
102 155 521
256 201 344
400 409 100
51 274 244
449 268 869
158 119 990
22 51 56
364 280 110
14 204 257
283 142 929
315 244 180
3 420 402
450 328 919
365 300 285
400 257 510
432 335 273
309 278 205
56 150 993
329 84 190
34 367 528
190 110 136
421 113 292
362 71 885
140 356 725
113 184 110
434 124 901
302 354 571
222 410 77
423 248 21
336 282 932
231 392 562
370 321 783
437 112 290
261 172 182
305 285 350
114 227 367
179 450 221
29 180 319
442 31 771
366 287 185
166 26 489
75 396 863
18 262 411
442 443 699
241 257 717
142 371 620
88 470 34
388 8 867
115 370 758
9 244 250
26 410 868
22 406 101
260 424 887
38 295 462
69 456 903
305 27 967
196 115 905
458 12 641
408 47 899
389 468 52
166 2 382
382 437 100
10 125 692
312 164 448
73 233 252
92 458 103
322 82 71
118 48 375
335 376 334
349 274 70
116 360 121
294 250 622
305 180 139
249 0 435
408 74 504
451 166 118
30 488 193
216 34 465
334 289 450
419 147 256
480 183 132
52 397 595
473 211 447
36 380 928
254 216 146
134 175 708
471 125 580
319 341 18
136 103 312
329 30 63
224 19 322
479 483 824
413 465 19
116 9 599
151 183 11
340 317 210
43 217 300
234 44 701
379 100 437
242 349 191
252 81 738
366 69 846
385 482 487
123 26 504
161 177 979
335 437 121
192 480 694
95 222 594
340 30 639
196 272 276
2 33 114
320 319 283
137 212 81
339 335 956
470 416 481
292 179 859
432 371 91
217 387 462
459 235 636
309 351 276
16 273 797
297 101 520
75 158 620
256 417 467
463 395 659
275 116 206
33 56 670
272 194 349
81 161 296
0 470 947
111 486 492
256 212 22
147 207 380
251 463 406
197 354 249
400 138 297
289 91 966
58 283 300
134 364 597
365 364 791
455 396 861
247 160 921
140 307 253
111 478 640
420 104 39
61 12 929
229 301 168
454 280 200
301 334 836
309 208 361
295 171 401
116 418 105
148 478 992
308 18 35
360 358 51
274 339 699
246 77 888
229 451 288
4 261 247
144 78 411
488 294 78
324 330 741
160 478 771
303 215 197
433 3 128
175 277 459
341 443 192
237 180 940
412 105 353
430 249 379
84 165 457
322 489 151
486 157 382
64 380 753
73 322 904
440 417 225
82 267 644
294 12 328
385 344 829
245 203 334
183 287 203
336 117 188
326 31 393
223 16 810
335 9 472
370 369 133
110 451 788
293 173 380
85 478 197
393 231 132
459 335 299
117 179 777
265 13 304
489 157 356
30 0 777
385 291 46
174 401 974
149 203 751
57 208 318
309 109 377
192 488 660
362 114 975
78 299 473
238 216 886
413 247 318
26 140 673
7 234 527
440 384 874
475 361 690
4 178 507
176 290 660
192 160 998
386 159 765
22 397 649
227 238 812
433 264 429
437 192 631
351 140 207
388 43 888
61 459 222
256 144 340
447 336 541
180 150 952
212 173 229
380 400 727
304 261 224
288 207 116
14 478 728
45 295 460
436 356 979
434 40 15
229 407 875
105 15 590
140 227 575
80 36 771
179 340 497
462 136 720
365 70 670
408 115 221
3 472 414
470 334 754
96 71 606
471 97 613
12 237 893
138 238 93
92 337 729
308 227 877
239 100 223
77 16 919
289 432 907
206 330 705
164 426 4
37 325 345
417 337 383
453 395 345
445 488 606
285 224 93
181 384 217
148 461 409
150 178 129
132 305 355
448 469 454
183 426 299
16 271 833
86 233 628
234 106 160
307 392 925
447 1 289
195 149 626
451 299 156
488 351 645
362 307 494
171 411 12
226 427 164
126 433 785
341 175 375
473 402 959
337 357 765
13 60 14
70 431 330
305 427 265
274 298 877
139 389 168
431 123 835
10 249 964
234 19 195
484 0 837
143 337 982
295 270 198
104 340 245
53 73 605
434 267 631
58 407 776
93 266 692
475 196 561
306 350 12
232 342 556
148 485 469
341 288 39
182 313 243
374 366 589
422 228 72
276 286 483
440 299 241
235 202 805
199 428 663
263 168 542
246 236 695
487 85 592
13 187 893
452 482 631
392 412 720
107 117 34
150 477 446
378 220 436
311 419 321
101 110 645
234 277 894
361 192 399
204 205 63
280 85 777
230 477 849
329 13 558
223 83 383
416 381 367
239 200 71
79 302 505
420 456 282
93 325 518
263 449 604
129 237 133
397 388 47
94 225 416
319 448 75
118 292 264
468 40 493
254 39 423
71 459 595
164 472 705
370 244 46
289 293 160
293 199 676
203 213 17
126 40 218
464 78 722
200 55 318
136 229 30
294 300 149
416 465 570
292 263 394
46 60 331
37 353 862
416 65 483
368 111 456
277 84 810
479 284 617
148 340 595
269 142 599
358 478 264
427 199 107
88 245 435
122 282 29
196 126 990
482 2 381
317 280 981
151 187 53
39 255 89
77 445 863
416 311 618
155 166 761
158 254 338
220 296 860
64 412 650
465 403 76
406 148 708
430 299 267
167 259 423
163 256 556
302 180 463
347 336 713
99 2 403
96 222 863
375 287 956
288 180 515
123 94 347
159 445 615
301 40 582
127 203 546
398 425 459
408 280 231
12 299 25
362 395 571
437 278 954
432 74 163
258 118 577
232 197 178
14 6 370
55 134 594
273 452 711
115
761
79 62 542
45 86 77
114 11 474
8 32 826
50 66 692
106 17 256
44 65 787
67 16 898
52 31 555
67 62 22
23 26 719
61 71 440
47 87 84
82 96 33
67 48 144
65 39 831
38 83 48
64 52 987
56 105 518
18 57 760
89 97 693
108 60 217
97 10 894
17 92 460
84 45 525
102 110 539
40 50 19
42 114 352
78 56 327
48 74 341
79 65 803
22 58 958
53 58 883
56 75 403
58 45 638
9 49 335
98 89 751
56 34 22
67 14 695
85 62 324
45 27 987
4 49 345
7 4 543
36 77 664
43 37 91
112 47 615
79 47 772
96 103 256
112 73 757
87 43 90
37 106 69
53 110 35
30 19 204
47 73 173
42 18 51
99 16 65
91 112 402
57 93 432
74 107 507
105 96 953
101 19 109
9 89 481
98 4 676
93 69 631
51 13 44
63 113 257
24 89 604
15 48 539
28 7 732
0 112 580
49 1 56
72 10 146
9 109 897
81 104 853
111 40 677
45 5 162
11 29 923
107 61 731
65 107 545
33 107 769
98 58 845
83 32 841
60 41 142
59 8 951
11 4 794
109 66 719
107 78 496
79 70 172
1 37 236
45 71 138
104 71 238
48 39 940
20 2 77
101 61 27
74 89 68
87 101 245
7 93 165
89 75 80
3 76 584
23 7 57
53 13 78
25 78 55
30 99 132
76 102 910
49 61 241
26 50 802
70 75 106
94 49 778
90 52 844
9 76 553
32 14 321
110 39 345
14 69 816
52 47 523
36 113 122
11 25 52
105 95 89
62 92 24
94 84 731
87 110 447
105 28 13
37 23 963
48 54 939
43 106 19
43 44 227
104 55 984
2 62 182
91 9 984
16 103 173
91 93 686
30 100 874
114 39 519
106 88 323
87 33 769
17 76 118
43 82 610
112 102 48
63 78 239
8 111 610
37 87 355
62 19 675
17 19 946
110 27 809
27 16 135
67 33 741
19 94 806
44 108 28
33 56 848
48 81 289
52 20 433
51 83 728
52 2 889
93 113 526
8 42 283
72 110 528
0 14 137
10 75 445
24 10 633
1 59 684
89 13 475
68 65 690
50 19 554
85 14 882
33 23 52
95 112 127
109 112 928
86 24 66
55 65 586
98 66 432
8 57 861
54 11 578
68 78 257
102 66 197
35 99 557
28 96 119
114 90 329
19 61 990
114 2 131
6 2 949
73 10 382
55 65 565
102 35 225
53 39 251
36 92 520
42 5 666
46 22 217
81 41 308
25 57 737
52 80 784
31 55 485
84 110 17
33 97 717
77 36 844
90 89 926
69 17 366
30 80 995
98 46 388
95 88 962
112 26 303
32 74 193
61 43 494
74 76 781
106 55 664
79 30 339
46 100 713
18 32 553
13 15 891
82 12 364
94 26 807
71 59 816
5 22 124
33 97 647
61 105 258
26 86 910
81 17 772
55 52 861
92 65 393
94 50 676
53 29 149
71 2 893
49 7 96
52 58 125
51 4 345
105 47 951
74 31 220
63 86 517
83 81 838
21 60 273
103 15 784
96 87 321
51 21 428
11 90 951
85 43 22
51 33 657
86 10 193
40 73 46
46 58 417
20 96 900
44 84 505
97 83 744
54 19 432
2 47 45
24 34 228
51 85 592
27 73 397
51 15 767
46 78 210
25 99 824
64 45 578
20 45 678
64 99 312
30 3 631
6 28 55
9 79 632
62 8 960
10 59 610
31 7 99
12 32 615
90 113 782
40 19 32
72 83 389
26 15 927
26 39 950
78 48 831
99 110 874
96 5 975
107 53 180
64 65 552
41 58 696
63 98 467
14 72 257
82 98 497
56 27 936
40 7 801
6 106 683
111 104 978
46 97 508
5 64 131
13 106 669
20 71 52
63 85 309
74 70 105
101 11 717
67 68 904
84 74 297
13 88 857
46 36 896
50 58 160
5 71 968
18 109 749
31 57 887
100 17 417
54 20 970
52 105 143
40 74 120
53 88 773
56 36 429
41 103 267
108 109 190
50 29 246
81 61 549
82 46 58
55 2 270
56 54 120
108 111 762
39 66 877
58 8 795
113 66 23
111 76 692
66 12 174
48 110 815
88 77 276
30 17 365
9 73 94
111 83 422
57 25 293
108 83 268
97 82 242
74 78 373
63 46 982
81 95 817
45 68 764
72 1 943
101 27 323
86 23 47
84 80 289
33 73 117
106 72 16
49 32 252
51 95 13
83 78 250
11 25 511
0 97 852
39 100 246
37 88 110
20 74 555
28 107 811
21 0 318
97 49 452
55 101 904
59 86 847
44 97 447
113 114 331
87 39 863
87 93 136
13 113 627
20 43 925
100 64 1000
39 63 447
28 3 933
111 63 496
60 107 248
16 8 658
104 112 19
61 101 302
9 0 905
30 20 468
61 22 459
76 78 543
59 106 321
11 103 159
83 48 658
5 81 328
59 87 372
37 51 36
108 60 76
79 107 103
93 54 927
57 32 217
101 91 74
16 4 104
12 87 154
16 92 22
46 54 40
72 91 421
101 102 653
34 66 10
3 62 769
11 4 633
98 105 344
78 23 538
63 52 710
113 69 460
14 0 444
20 89 32
77 94 174
96 30 126
91 34 58
41 62 429
41 45 781
114 25 434
94 88 252
45 86 243
89 3 735
89 40 99
66 3 75
29 1 386
76 109 485
70 53 354
85 94 155
90 93 367
21 89 391
4 20 434
73 109 519
27 101 685
70 52 55
12 98 281
82 60 726
88 32 509
41 3 263
57 110 683
99 16 308
16 37 198
36 110 164
60 22 650
9 110 39
93 7 153
80 89 820
45 79 97
63 5 765
77 63 308
70 64 454
37 80 864
41 1 74
39 61 524
24 87 959
77 82 158
16 48 154
15 93 783
47 59 750
98 21 858
30 108 177
111 30 449
16 88 756
14 13 319
69 54 472
4 33 619
61 50 42
11 82 818
23 31 102
58 15 508
57 62 424
6 75 99
34 91 140
64 8 653
58 77 344
41 82 547
89 45 119
88 57 527
65 80 570
3 40 310
77 98 110
30 104 70
14 23 759
103 105 249
107 65 711
50 106 160
43 97 401
104 70 938
17 37 905
76 40 53
53 3 238
92 33 637
108 64 402
3 69 289
21 61 264
19 13 502
98 74 270
108 80 312
77 97 95
29 75 70
21 13 450
13 7 954
11 18 383
49 21 230
95 60 441
73 79 417
77 62 703
46 73 418
4 52 792
98 81 42
20 4 183
59 17 322
34 45 530
57 95 269
51 92 434
8 50 88
111 29 390
74 75 445
102 80 838
30 80 176
34 100 161
51 62 380
109 96 471
54 55 538
37 8 870
97 34 82
104 30 677
75 106 274
5 110 834
4 26 507
84 77 657
54 13 791
59 7 158
11 78 195
58 17 429
82 114 3
75 103 685
80 81 178
65 103 899
30 107 342
76 93 549
10 33 54
5 109 178
114 22 804
49 80 846
107 64 91
101 24 976
27 106 892
60 73 635
105 103 394
78 65 993
13 75 943
76 97 624
65 97 506
18 31 126
104 40 57
91 43 28
83 70 364
25 32 42
86 39 248
25 2 783
74 15 360
41 108 417
19 59 816
36 94 47
18 100 594
64 93 459
36 62 327
17 104 374
70 75 204
112 2 508
6 76 484
90 19 239
42 55 600
107 91 370
106 109 97
46 58 521
30 112 968
3 14 682
106 84 649
36 99 912
84 105 165
32 81 1000
7 25 390
42 34 842
56 42 183
72 106 767
84 38 676
26 41 570
89 49 546
113 86 852
41 55 918
45 104 806
86 111 933
51 38 114
9 111 749
76 86 430
104 55 320
14 99 41
70 73 670
96 88 763
7 14 123
41 60 289
58 31 148
100 99 298
96 10 110
19 104 383
65 93 285
34 10 784
44 80 265
5 78 23
53 103 323
57 46 680
51 105 741
75 107 601
22 88 803
81 9 827
30 74 791
35 10 73
40 71 538
21 77 437
74 32 972
43 106 708
72 59 803
34 19 893
96 42 386
54 25 88
0 56 74
57 108 665
9 33 603
42 72 207
55 31 239
56 91 526
5 48 707
43 99 227
90 81 734
12 20 41
76 20 827
100 95 432
36 104 288
43 31 10
30 103 973
65 61 499
92 67 619
64 12 73
55 4 166
105 33 996
65 110 94
99 112 249
27 33 533
104 93 837
40 8 947
7 91 484
82 68 858
107 17 520
2 89 66
92 79 529
105 47 701
23 48 303
36 75 703
55 82 152
106 7 207
65 32 108
68 114 732
57 9 136
58 11 196
63 5 347
3 110 279
54 18 874
3 71 212
101 12 579
79 20 688
65 102 160
45 55 197
93 14 416
43 72 594
100 37 544
7 41 615
92 112 250
13 0 699
9 3 493
87 82 468
91 50 276
111 112 398
32 90 45
77 35 382
35 21 180
15 45 318
106 22 145
3 35 315
86 61 236
83 50 353
2 27 930
24 23 722
4 72 812
113 34 40
64 86 896
70 3 431
2 110 275
46 113 303
108 84 724
58 69 470
107 71 579
109 96 507
90 100 154
64 98 935
73 64 443
5 20 221
80 22 236
79 69 441
33 79 830
32 22 599
98 31 568
76 25 659
77 1 326
52 82 909
78 40 493
75 45 258
75 27 873
88 8 777
98 42 341
95 91 800
45 74 506
67 35 94
87 14 580
92 83 184
97 46 241
35 6 646
9 81 885
6 54 528
89 38 582
21 35 418
90 80 209
93 33 829
6 5 840
52 0 43
65 97 724
20 34 677
37 44 419
98 67 240
52 42 230
49 80 570
38 73 563
102 51 71
85 74 808
2 28 748
99 110 503
30 32 212
81 69 486
1 69 901
108 6 528
39 55 115
6 94 758
53 81 314
35 68 580
22 70 783
27 72 810
14 4 197
35 102 293
3 6 982
38 114 144
17 55 711
76 61 102
94 114 173
64 34 809
109 74 496
83 101 278
53 17 934
71 52 437
44 55 908
85 110 587
35 12 407
41 106 291
42 85 95
27 51 947
97 45 301
7 31 257
7 101 669
10 57 748
1 101 981
113 89 266
11 26 836
80 67 452
95 12 872
11 39 113
77 38 756
102 45 934
15 52 457
60 63 169
60 81 68
0
992
133
676 898 510
191 531 260
226 358 132
897 400 3
146 243 681
453 947 13
34 330 926
698 526 56
986 389 839
261 424 831
74 108 322
352 236 421
851 462 716
326 304 4
456 450 879
880 839 994
348 809 309
121 451 787
96 381 232
183 643 272
445 653 524
614 13 176
323 864 679
390 198 255
729 590 369
383 478 128
921 763 817
797 884 540
143 981 169
870 108 124
965 489 538
240 112 623
680 371 288
590 697 662
804 434 805
412 753 43
859 682 390
67 423 475
654 566 1000
694 380 804
258 353 421
539 530 525
705 154 184
743 744 465
918 492 371
690 904 133
812 707 95
770 710 567
492 372 333
203 10 626
22 268 419
266 743 885
559 457 255
294 209 503
663 71 939
473 697 283
45 518 310
300 232 540
850 724 808
974 927 339
423 885 551
226 159 39
494 718 720
917 949 585
35 620 297
638 101 10
160 147 120
326 383 664
209 241 468
401 159 531
603 583 8
81 745 672
175 247 46
790 108 315
495 144 647
271 782 413
744 878 744
744 212 791
975 422 768
939 823 7
773 370 486
501 387 327
388 563 711
865 361 947
372 792 835
370 71 369
470 816 832
717 568 180
227 487 658
970 370 73
881 152 763
318 589 631
501 977 714
867 850 83
349 166 676
904 537 435
192 15 427
359 669 419
675 832 75
420 811 213
861 636 717
679 890 594
949 335 867
726 210 582
801 496 404
612 344 981
494 472 373
201 832 378
347 451 434
53 807 661
66 676 65
166 364 132
920 257 539
538 920 350
15 665 510
523 285 206
575 779 806
579 916 494
260 272 449
710 261 33
914 263 613
763 430 9
446 294 851
528 832 203
693 784 500
298 315 65
247 890 388
669 478 897
866 674 657
459 328 798
859 251 182
879 950 228
208 404 178
722
868 97 53
506 817 552
804 140 968
60 967 355
665 389 251
475 7 259
934 336 57
737 523 590
561 481 817
769 821 346
499 697 947
607 211 29
830 952 49
269 20 448
759 621 37
242 104 61
780 975 197
716 656 432
313 225 873
865 2 54
746 437 751
661 52 795
465 818 819
281 31 367
73 791 436
253 969 220
377 757 659
837 482 780
764 731 221
180 541 928
417 295 805
296 956 554
386 365 76
436 647 340
442 656 51
77 845 812
744 231 881
339 12 19
590 777 815
74 957 84
489 319 171
350 615 728
135 9 781
738 381 380
381 823 972
815 836 946
170 524 713
347 799 469
877 397 294
155 472 764
902 897 931
953 191 194
968 326 51
228 73 968
136 390 663
635 150 219
60 320 559
580 603 991
121 489 644
374 580 92
529 491 614
11 452 661
108 364 140
86 592 477
509 728 659
699 372 89
669 368 930
108 885 709
410 942 798
53 324 715
169 854 838
62 865 394
210 910 758
621 4 62
113 450 39
924 93 659
892 699 219
189 807 432
90 225 118
415 278 923
329 383 257
734 445 754
471 592 608
636 221 869
338 271 855
704 203 876
450 39 207
500 229 702
380 255 55
209 670 910
363 8 709
315 678 67
141 94 643
748 730 928
368 12 751
374 716 122
410 110 130
152 547 55
638 927 254
356 80 228
289 444 340
478 759 779
120 836 937
354 529 923
745 897 800
416 216 956
225 626 755
74 714 710
152 360 957
421 653 613
305 878 953
196 364 881
702 420 205
246 710 182
521 464 32
808 816 608
755 49 786
749 124 772
362 212 973
838 634 442
339 939 736
283 79 269
987 718 753
416 964 184
373 429 840
172 245 472
187 937 905
764 694 269
8 1 618
540 839 908
733 186 367
812 470 334
200 401 292
9 753 473
528 71 854
455 243 180
142 367 813
870 139 155
667 83 916
612 623 404
135 364 230
597 185 348
82 321 990
286 330 359
398 794 694
939 193 322
670 271 553
282 86 172
589 753 952
896 309 567
923 444 756
145 49 957
764 67 86
729 289 249
392 623 627
125 571 61
102 185 20
382 468 762
738 1 555
185 833 16
255 765 756
690 910 789
254 618 801
76 356 434
228 748 514
54 809 893
74 848 102
302 238 954
679 912 603
690 105 669
17 361 202
781 987 80
537 186 706
297 262 14
347 426 418
28 416 612
216 491 564
589 729 530
311 352 683
33 50 324
589 68 373
854 785 233
973 266 563
719 564 745
756 847 83
486 875 851
33 99 462
364 624 935
933 935 384
431 969 714
963 566 590
799 365 823
631 346 498
649 9 118
865 702 117
515 196 360
518 165 443
947 529 115
186 406 683
705 838 100
282 745 386
856 488 391
230 128 898
799 713 259
940 523 193
872 974 469
687 500 698
601 456 91
84 578 882
566 291 752
961 573 377
930 373 481
209 604 297
826 411 387
396 296 198
733 176 812
145 864 433
715 409 169
757 493 11
214 67 638
445 964 467
365 839 89
774 984 677
254 818 728
384 158 360
45 827 393
745 973 833
889 632 178
433 397 840
491 548 203
904 1 368
770 303 423
82 85 407
926 275 569
134 660 167
565 705 747
181 394 128
597 227 656
431 596 125
758 95 417
32 935 987
271 714 210
357 732 919
371 603 410
211 673 70
210 246 96
972 364 354
723 961 926
50 336 978
766 38 226
975 71 953
193 342 331
642 636 96
120 15 275
865 227 948
223 373 770
222 289 190
615 20 336
116 6 440
278 772 639
407 755 838
543 884 52
274 470 408
801 590 664
875 464 683
630 687 688
567 845 73
869 404 317
84 521 75
627 735 823
153 150 979
742 629 879
682 903 734
201 648 812
728 467 876
426 105 643
433 609 560
729 486 333
53 506 238
311 141 901
286 295 899
952 45 888
518 663 496
555 801 872
127 473 940
98 900 997
757 277 814
212 15 932
136 68 686
453 316 516
577 538 763
851 498 912
635 24 368
394 516 537
673 579 434
492 677 742
353 378 852
758 591 187
658 663 711
71 125 851
554 702 485
276 498 887
44 141 640
411 471 124
587 152 207
180 645 60
674 934 383
453 700 30
247 302 389
45 374 994
96 864 449
684 149 651
779 129 488
834 540 455
349 71 127
443 187 92
158 861 346
252 322 407
873 569 853
174 551 371
527 647 532
591 339 393
97 62 922
608 832 430
662 189 509
805 568 240
536 727 70
146 979 496
456 797 410
12 971 169
935 506 328
738 42 19
626 139 130
643 748 650
144 354 56
644 103 200
339 576 847
896 722 27
720 122 120
57 134 515
937 13 909
480 751 399
298 385 987
115 964 159
765 116 369
612 760 449
963 108 785
986 940 427
4 668 781
747 725 699
541 670 905
713 94 928
0 393 866
354 444 286
400 217 971
736 765 131
184 673 655
144 667 668
762 607 960
510 362 646
329 839 596
161 560 787
680 560 588
593 850 480
415 258 762
353 931 543
58 59 24
802 204 699
501 966 650
868 421 292
905 750 843
557 847 212
303 535 148
442 73 287
961 488 137
642 841 68
33 900 232
96 646 708
763 155 978
52 960 471
696 809 237
130 374 828
125 677 524
617 63 541
39 961 517
583 611 70
139 644 34
682 677 65
373 448 180
966 500 988
989 140 190
705 271 676
341 332 290
448 949 265
628 988 434
304 580 910
757 655 234
126 281 431
78 590 551
186 500 596
197 433 504
26 147 823
166 424 764
983 808 825
807 444 646
601 684 362
14 449 393
935 511 618
614 590 800
676 712 564
247 845 438
887 872 953
805 46 993
64 965 729
209 780 53
350 389 185
15 339 490
271 283 57
744 897 599
751 517 295
266 701 837
215 596 413
247 409 699
703 410 984
975 619 236
699 969 890
979 920 853
780 135 64
965 815 601
747 574 367
186 840 308
470 0 928
634 247 401
780 951 139
835 934 318
678 578 935
783 565 999
300 290 606
35 199 21
604 946 747
634 140 348
437 546 260
772 188 787
524 904 274
623 747 745
412 370 307
115 161 792
673 397 690
311 369 761
763 909 604
798 551 512
553 924 675
372 640 503
374 108 48
336 731 643
176 152 173
594 203 231
521 812 668
675 67 197
99 831 122
342 573 457
726 134 861
664 506 261
726 816 410
701 160 797
432 336 389
468 866 472
602 396 45
142 79 416
978 114 959
676 457 68
924 127 442
49 727 692
805 461 605
614 107 805
163 539 38
727 943 608
503 490 660
99 632 883
690 554 38
129 238 431
76 171 574
158 156 789
745 961 282
101 520 101
546 619 240
335 354 872
926 857 930
922 892 82
932 527 876
1 592 83
519 668 862
44 826 722
360 516 275
82 553 283
838 43 190
150 314 89
341 249 746
30 179 263
287 119 702
106 121 726
100 576 698
265 621 117
522 917 673
749 935 322
439 782 870
685 932 704
293 217 433
694 247 68
4 534 788
769 576 685
142 677 189
120 942 874
860 473 528
132 166 783
821 541 93
626 170 345
682 463 762
986 166 977
478 106 719
25 812 568
621 890 957
801 946 43
547 814 604
154 882 914
760 712 256
101 282 818
245 964 690
671 959 320
287 381 970
374 406 342
45 35 865
393 772 883
627 327 866
279 481 836
32 186 468
327 223 279
793 468 675
666 83 90
705 307 591
722 681 317
560 662 656
296 991 445
914 562 908
427 841 222
759 874 224
746 145 303
88 938 155
331 612 247
476 261 850
939 920 35
879 488 425
727 720 624
419 642 674
374 14 884
747 773 814
314 463 775
40 552 530
299 819 822
577 239 972
106 186 948
316 10 796
196 737 28
11 100 230
324 410 916
487 166 625
468 416 825
595 457 793
604 692 908
233 213 555
988 319 30
743 635 296
858 767 713
765 714 725
259 46 887
694 534 125
911 10 310
599 605 447
775 217 691
778 387 936
956 383 383
329 71 770
640 865 169
632 639 555
724 834 953
235 536 543
775 455 842
740 990 975
170 773 473
228 559 508
435 524 51
961 789 402
138 374 356
18 14 291
612 675 437
261 846 357
443 629 381
572 314 979
251 484 297
83 649 592
302 28 420
776 990 162
330 72 112
685 27 686
687 639 257
467 836 415
719 224 581
435 796 471
86 983 827
510 74 340
437 312 1
889 33 487
82 363 623
577 984 226
30 679 202
159 154 206
141 809 78
689 189 363
559 275 34
850 721 269
733 166 573
645 991 998
555 17 297
410 594 825
355 625 872
876 784 226
250 861 596
839 559 9
177 126 148
435 912 309
767 654 787
355 307 651
905 799 412
825 217 535
674 508 704
209 393 528
891 579 421
334 426 668
894 540 387
737 975 403
245 686 409
911 977 757
521 826 932
149 660 557
307 278 857
34 487 386
545 322 53
861 656 880
681 494 284
627 239 947
429 420 137
886 276 130
658 733 573
173 882 113
769 133 575
945 167 182
459 648 513
551 518 161
14 143 136
17 770 935
867 207 220
419 37 424
949 695 901
321 804 416
225 581 501
470 471 213
148 930 781
212 489 275
805 504 714
900 457 836
242 333 692
933 752 97
844 709 753
561 966 645
104 135 979
708 606 610
552 755 276
981 903 381
871 716 453
841 624 479
588 803 756
479 680 68
408 469 250
40 38 872
348 78 48
246 786 702
551 283 665
858 208 505
599 23 29
779 864 374
425 461 529
404 876 361
80 292 294
401 268 580
696 617 282
71 799 605
53 359 760
725 161 176
317 696 831
498 484 88
375 845 781
927 194 953
111 274 702
821 611 130
448 315 235
218 323 995
646 312 18
365 45 931
228 299 764
114 797 672
801 116 485
893 979 607
806 98 457
83 855 340
556 312 424
591 466 107
369 120 443
506 485 448
676 649 275
615 763 656
910 509 612
67 346 375
561
264
151 256 236
496 56 689
442 270 728
242 48 761
406 112 163
384 33 495
229 431 943
10 331 413
307 120 16
244 447 578
268 266 300
445 201 9
444 312 142
310 222 380
452 297 413
128 120 245
449 18 351
541 257 113
289 3 839
546 247 939
35 515 400
341 68 261
142 180 659
214 491 460
3 382 103
465 179 473
399 67 668
432 47 587
236 4 963
389 550 143
96 24 390
298 365 997
140 508 300
295 390 729
8 393 44
18 526 408
148 364 19
526 465 819
38 369 221
115 426 591
336 190 860
511 488 677
194 67 348
286 30 70
308 38 517
380 56 511
300 434 238
286 399 106
549 105 523
484 449 679
179 224 216
128 175 829
443 37 131
372 323 131
131 299 642
513 347 764
299 86 971
117 41 634
401 29 340
160 181 754
346 360 316
160 489 470
463 39 861
501 411 140
8 211 739
115 392 997
176 130 675
441 476 142
442 545 217
548 145 120
542 491 793
429 90 96
491 553 705
29 161 672
119 170 713
508 285 49
123 461 190
53 10 725
24 120 409
253 107 115
434 88 226
311 186 253
117 116 730
522 375 785
114 494 254
249 110 74
444 233 63
437 515 193
346 539 97
468 231 466
174 333 406
371 83 231
326 429 762
274 59 508
52 173 960
560 91 207
461 203 246
492 80 751
532 94 567
132 230 910
67 404 899
320 214 30
530 208 400
525 151 360
1 203 933
304 431 536
385 0 865
367 492 812
303 131 102
217 492 143
259 560 753
73 319 805
532 518 903
195 150 129
249 151 619
144 124 275
360 177 873
550 545 828
156 287 980
417 173 779
15 432 41
17 506 171
130 145 400
222 340 193
466 257 706
19 69 249
233 429 28
218 418 993
31 242 542
308 327 296
184 342 812
59 27 989
482 157 912
531 48 628
397 514 496
415 201 153
454 435 133
442 321 654
81 353 877
237 329 553
234 181 526
103 240 550
145 390 75
333 28 61
528 426 580
420 509 955
49 403 459
107 284 668
252 33 706
79 500 608
462 402 800
65 505 674
486 90 49
172 423 27
466 58 154
382 478 783
270 195 513
261 532 724
12 223 408
346 531 459
447 432 172
398 498 357
27 91 708
47 263 432
325 398 861
467 219 489
558 157 822
159 86 991
44 327 1
421 112 434
175 228 136
332 65 338
434 92 237
293 369 610
244 133 167
253 268 839
408 495 284
198 93 608
520 367 831
173 227 9
357 402 751
80 403 504
302 276 646
283 237 224
527 149 265
277 402 922
16 250 330
371 448 353
21 76 361
228 478 466
548 503 774
202 22 457
151 553 223
421 275 780
499 471 558
378 187 123
193 432 610
275 242 544
347 493 916
225 160 726
330 147 759
505 18 503
191 398 942
152 258 18
19 425 339
265 471 720
352 103 55
357 46 925
249 61 992
115 286 382
458 55 809
515 229 670
262 420 525
230 240 667
142 489 319
525 193 449
534 545 626
312 341 533
332 258 520
284 41 653
396 500 43
324 454 465
499 384 79
511 282 108
117 425 978
148 389 599
89 31 445
31 343 773
19 114 182
297 66 237
301 462 14
29 455 624
214 393 569
488 12 790
441 129 9
551 278 860
64 35 117
351 66 483
86 314 234
308 280 361
11 249 597
546 507 399
310 161 140
458 317 343
557 426 674
519 416 804
539 148 181
29 167 133
91 253 194
164 229 882
74 241 201
115 455 195
278 205 679
274 331 84
511 327 165
214 515 251
194 493 292
439 191 732
190 511 695
484 115 362
165 189 674
95 533 292
304 251 190
10 525 288
33
144 544 524
358 498 126
220 98 769
99 289 500
518 240 546
441 355 260
274 212 933
369 185 224
342 436 765
352 68 405
54 441 485
204 467 652
98 127 171
111 226 665
411 412 996
130 292 205
515 234 44
228 42 567
181 52 521
20 405 145
407 127 722
445 331 860
88 429 319
390 209 689
89 60 396
28 419 59
219 374 178
394 270 157
89 119 244
221 368 66
89 443 983
169 327 870
385 83 206
706
429
289 434 4
371 549 926
260 499 51
534 370 572
273 687 12
321 538 620
135 679 724
483 407 901
67 576 290
538 681 996
93 588 391
512 253 532
23 132 732
28 284 108
521 558 993
278 497 473
481 632 666
168 27 193
497 95 942
196 251 543
107 344 254
129 474 285
319 498 223
626 144 118
597 665 232
168 562 857
276 337 133
682 506 159
82 621 360
383 435 607
278 542 681
55 290 585
409 227 597
190 147 119
255 38 75
496 206 123
146 483 586
428 459 188
32 159 829
55 161 502
329 439 499
565 112 913
570 521 276
690 5 319
631 584 853
473 698 872
553 138 495
588 567 444
366 599 911
440 655 486
186 602 415
150 80 599
22 268 675
121 252 216
367 501 989
651 268 927
54 439 184
264 646 595
551 306 318
616 364 65
517 550 442
94 318 776
164 340 4
374 461 74
208 122 754
626 392 468
330 446 44
173 329 362
201 498 962
505 408 24
699 544 51
84 638 891
579 420 810
636 413 81
240 621 24
345 159 546
336 489 814
61 281 675
432 482 276
21 605 878
357 599 616
155 301 608
271 499 101
22 429 472
177 669 289
130 632 540
417 263 503
444 648 10
419 699 7
568 14 514
361 695 893
375 144 641
644 34 180
246 380 865
643 557 123
191 305 353
604 16 728
95 461 939
190 174 50
62 360 318
540 15 824
528 8 912
112 653 882
519 517 839
650 73 566
38 264 736
382 487 244
284 582 257
452 390 449
613 453 95
406 287 777
189 433 757
441 546 996
20 683 594
304 627 373
440 283 973
499 666 934
250 244 110
405 314 511
27 221 846
334 627 277
656 435 48
604 170 152
118 514 768
149 113 111
635 171 657
621 670 109
389 538 491
32 237 797
390 265 76
113 217 293
123 167 976
185 389 388
86 507 59
671 656 178
90 203 15
498 443 601
160 126 883
66 158 119
610 167 108
669 280 945
267 22 758
301 207 655
122 293 281
134 583 283
583 291 35
497 83 508
375 243 988
86 633 936
358 537 863
189 118 318
561 3 224
12 628 981
558 45 92
524 179 325
441 381 790
179 172 495
360 166 900
285 252 143
368 228 724
619 35 718
62 214 418
557 226 502
553 402 359
136 221 399
245 662 798
644 459 922
421 437 20
440 16 326
5 384 958
106 621 727
650 301 225
109 152 913
196 705 94
329 460 399
641 705 463
246 643 968
347 358 125
291 417 217
104 422 883
470 146 635
488 414 140
397 523 623
149 14 766
304 667 310
298 220 931
248 84 123
275 431 379
33 16 600
131 445 632
614 533 847
630 315 313
623 6 801
387 480 811
151 402 54
698 701 280
539 243 638
641 137 49
395 170 886
185 302 473
396 534 768
372 458 849
439 375 294
265 381 14
105 150 750
612 142 605
251 299 689
680 234 320
128 630 622
623 433 516
151 447 532
212 114 656
207 171 380
532 436 677
631 159 961
44 389 245
159 640 461
135 232 81
572 360 837
149 278 680
677 429 890
2 260 16
110 467 19
211 617 403
693 160 626
237 204 93
629 687 435
233 440 289
72 306 407
158 74 675
678 45 565
233 371 843
226 99 62
8 310 515
550 621 567
545 152 319
605 400 377
541 633 75
3 705 438
149 158 86
574 454 535
340 687 316
690 531 142
95 157 38
441 1 682
241 546 736
569 63 94
173 604 920
542 225 941
129 374 51
496 242 577
526 200 760
545 184 615
664 603 160
6 662 149
293 197 559
26 61 186
160 558 112
545 12 977
547 141 540
326 637 826
558 457 49
390 297 401
46 579 649
566 585 953
704 496 233
683 523 510
18 301 160
282 464 259
64 305 594
545 249 604
563 426 469
399 110 506
95 156 912
337 340 667
212 663 510
608 640 175
683 658 404
228 558 468
168 241 659
574 80 381
529 261 209
235 660 255
563 374 485
58 5 60
138 541 127
333 443 597
669 38 7
276 267 118
671 53 609
284 245 667
146 68 119
434 304 715
450 161 857
622 219 193
47 681 674
135 633 238
481 596 392
74 491 1
549 74 971
177 358 598
591 122 487
179 174 457
428 624 662
286 159 717
150 530 936
556 284 533
641 59 34
440 457 841
449 300 421
187 477 786
494 687 666
546 160 623
520 206 205
273 493 602
245 643 873
193 111 143
391 46 360
98 105 180
296 554 422
569 359 696
112 147 667
483 694 157
323 126 530
406 400 345
323 263 442
389 74 496
33 84 446
61 182 685
222 97 861
625 666 648
94 396 644
574 173 686
127 115 230
268 521 938
138 462 526
651 146 632
188 503 438
96 564 681
108 404 848
675 324 712
512 36 58
497 229 255
88 356 926
512 242 923
571 380 552
188 649 36
586 456 869
685 552 60
261 660 490
258 247 934
215 54 87
186 169 614
655 258 376
532 388 550
549 253 184
322 60 719
565 264 651
605 243 129
504 123 134
426 381 581
289 215 415
189 19 687
642 674 377
39 119 771
2 668 454
669 284 304
192 467 304
552 366 244
701 489 451
98 209 476
448 116 679
471 630 173
663 566 507
25 224 312
481 550 862
102 514 708
490 0 237
53 170 318
566 489 361
114 587 208
368 330 144
512 95 904
618 52 805
369 77 221
562 176 701
336 278 133
11 62 235
536 440 10
339 300 585
631 33 447
44 401 175
279 531 888
57 444 920
401 431 999
587 287 895
235 241 61
398 253 154
502 83 476
71 40 270
130 671 43
70 333 566
664 612 222
647 669 182
624 688 305
678 187 254
202 423 892
328 439 277
517 235 998
440 307 372
282 55 463
156 449 478
432 407 912
151 672 670
314 208 554
202 180 138
377 0 121
412 328 340
700 140 325
365 198 790
394 480 967
6 255 6
657 305 729
509 456 375
648 64 863
63 266 191
696 261 605
340 674 518
423 668 730
360
652 265 154
664 364 473
671 619 478
240 218 207
43 674 933
309 356 796
697 240 986
687 501 943
322 87 812
363 50 541
17 320 256
239 602 706
53 567 681
556 426 833
38 469 443
201 73 269
546 64 429
165 369 295
471 309 776
380 673 116
680 308 554
216 547 701
439 600 332
576 69 702
548 107 976
489 308 691
403 472 235
558 638 484
126 403 140
163 402 241
193 376 799
542 210 321
82 268 629
514 462 202
665 304 950
198 411 100
128 433 153
122 609 445
486 29 918
71 192 736
329 385 87
189 546 281
597 628 673
136 436 647
125 14 332
546 536 225
188 665 244
302 81 521
672 185 702
33 256 859
121 585 162
203 69 814
495 284 867
674 420 299
226 164 813
465 328 440
352 516 165
671 436 926
570 402 856
115 436 444
177 175 932
243 378 469
148 491 23
682 77 576
565 304 32
79 387 636
454 33 193
464 705 853
174 187 766
393 626 496
544 422 779
193 283 405
617 431 654
238 26 552
279 209 744
484 612 561
311 361 933
597 443 102
614 235 941
327 628 151
418 467 943
684 278 478
240 190 274
287 428 196
354 1 543
19 103 127
72 414 92
100 630 250
127 538 229
283 483 182
359 195 255
476 173 379
493 31 375
560 318 913
653 291 624
573 310 187
18 0 590
529 100 376
396 551 46
499 452 69
142 106 292
252 200 493
258 311 428
455 166 102
697 437 67
559 305 418
199 647 362
196 470 537
117 485 42
194 602 819
48 38 369
97 614 635
261 166 446
132 239 724
264 231 368
362 408 919
7 607 504
359 422 566
105 157 355
344 352 803
330 400 739
40 116 417
274 377 920
114 510 621
119 68 434
180 48 334
546 380 860
471 33 952
161 462 633
659 100 653
672 431 728
16 89 852
299 364 869
366 478 855
672 215 263
122 396 160
303 560 666
386 650 495
509 429 831
408 0 67
658 672 726
603 689 176
281 282 754
339 266 202
523 232 947
394 678 709
637 276 406
554 662 540
504 84 29
210 492 579
340 444 994
196 666 363
465 566 103
392 523 485
415 665 129
653 677 174
582 226 248
307 74 914
358 196 124
456 24 510
230 364 373
295 178 495
667 261 375
233 271 587
447 686 280
512 634 69
549 128 465
480 435 485
367 411 623
281 161 357
686 9 457
448 629 650
170 590 109
77 118 941
507 183 697
514 695 325
492 156 533
696 636 430
268 622 203
360 197 584
94 177 800
192 626 547
411 414 539
568 491 879
614 616 51
640 424 886
537 534 559
561 524 963
315 86 69
97 64 648
41 482 858
318 293 126
518 704 594
602 184 342
41 92 954
369 351 711
304 182 31
396 361 732
37 676 648
299 392 403
701 433 351
574 45 302
367 181 257
192 401 971
127 442 90
679 429 957
185 28 601
225 424 554
466 79 599
30 703 937
364 698 504
92 566 99
114 551 620
134 37 957
662 489 990
577 80 471
461 265 287
527 490 348
573 575 615
589 605 510
615 587 32
368 679 686
490 411 301
87 545 823
85 502 592
144 697 266
633 453 851
119 598 433
678 465 744
611 672 79
540 199 896
462 567 194
243 675 625
194 56 447
182 466 333
277 610 372
452 537 169
510 275 380
352 571 205
388 476 244
646 311 135
404 67 383
135 634 732
277 122 155
583 628 255
685 199 725
15 269 37
179 73 828
178 44 797
643 50 208
692 696 625
616 12 728
344 147 202
424 425 53
502 302 749
16 606 587
82 239 478
304 36 626
95 215 814
76 152 138
151 138 324
537 372 621
608 11 220
225 53 99
671 555 704
334 189 366
520 595 161
593 194 609
416 613 386
607 307 48
142 458 542
698 613 651
178 133 460
187 359 701
240 324 528
213 276 547
410 414 482
140 302 74
612 336 798
212 562 801
345 322 644
559 638 597
439 110 741
330 298 628
216 156 958
657 693 833
199 15 485
660 479 97
228 3 294
85 215 240
573 179 720
108 32 411
581 471 931
481 419 853
34 635 275
559 204 548
655 21 93
78 299 718
126 527 384
511 612 827
370 98 744
170 530 28
284 405 33
126 504 218
591 156 931
505 10 755
25 665 532
265 37 800
603 164 927
238 293 416
88 282 66
118 452 224
503 354 136
272 480 892
459 689 473
194 489 835
131 132 162
416 15 588
293 618 264
697 474 483
244 563 133
595 681 637
65 96 53
264 368 16
261 122 377
33 316 764
521 66 724
263 482 702
366 69 766
633 385 301
429 247 132
508 137 355
332 202 349
129 466 796
406 345 616
284 703 740
652 518 922
63 75 47
578 441 264
242 692 501
56 34 173
51 542 696
345 168 646
29 621 806
406 321 67
523 224 958
250 170 609
368 233 532
262 430 20
549 290 334
134 346 958
348 15 376
317 684 577
106 331 612
361 32 850
579 173 666
89 424 176
117 410 103
544 672 149
325 515 783
659
159
578 25 750
625 495 387
157 147 669
656 488 108
324 135 614
246 642 429
47 31 500
394 119 806
91 231 132
483 519 791
43 90 759
327 368 103
518 177 23
104 174 907
474 150 639
254 49 37
562 407 961
294 143 988
188 234 516
0 58 178
166 413 496
320 392 12
311 562 696
448 318 590
67 134 312
133 40 312
182 603 24
262 238 731
114 78 665
508 78 918
103 555 3
410 217 21
116 180 7
310 280 332
330 0 105
501 133 939
62 315 613
342 229 626
105 654 137
103 503 923
123 258 832
207 10 269
25 437 337
405 88 762
96 418 747
581 261 282
99 634 107
531 317 831
542 423 144
284 178 915
416 612 967
96 161 149
652 186 824
381 243 39
390 339 32
400 572 817
194 12 353
304 195 369
295 79 594
629 15 44
112 83 638
202 179 81
612 483 42
490 205 527
418 248 219
454 648 928
55 494 886
639 139 115
185 434 183
154 57 282
612 169 336
17 23 174
242 636 66
616 119 50
263 537 537
561 644 625
113 40 596
647 331 907
59 516 390
520 322 187
649 587 916
202 604 545
556 499 869
76 456 768
461 372 928
86 274 381
12 387 647
121 27 725
332 87 689
319 607 778
363 597 389
540 451 511
392 349 223
569 425 214
169 538 67
306 625 296
81 289 532
555 410 661
42 394 796
9 55 823
647 70 673
205 610 735
368 343 480
23 564 29
446 385 78
581 33 869
643 114 26
432 321 496
560 363 186
116 25 484
280 13 928
34 218 787
238 239 603
135 573 246
108 12 537
271 246 349
401 230 118
160 314 138
293 527 486
509 643 849
432 264 357
114 298 398
370 538 835
311 325 538
468 85 775
351 356 910
579 409 942
572 222 403
576 515 952
247 17 88
602 449 931
311 215 207
201 586 300
331 238 689
27 47 106
394 50 925
349 629 69
496 543 861
299 112 148
281 11 819
248 613 653
131 576 282
312 118 843
336 449 235
373 476 759
459 212 599
242 213 809
434 361 505
190 2 825
112 594 958
52 494 752
92 625 267
348 590 196
531 267 727
604 292 747
65 92 384
547 334 547
340 110 178
328 611 30
80
375 358 641
79 505 744
172 471 10
520 402 205
45 321 931
649 614 30
56 47 765
255 34 312
595 455 841
575 59 870
307 434 275
150 514 317
369 27 890
222 199 741
486 244 272
605 235 922
395 602 589
68 198 744
460 445 981
303 13 699
221 320 501
498 470 807
272 180 43
518 54 563
160 192 621
123 138 998
352 185 939
628 254 935
591 366 693
349 11 16
167 232 587
71 382 398
489 655 840
275 514 922
571 326 200
105 101 958
533 453 223
556 75 113
429 7 939
399 8 540
382 175 489
374 557 710
140 387 870
86 3 210
397 227 120
590 332 221
225 518 788
393 67 56
120 149 121
561 548 315
354 272 338
342 298 40
402 439 877
458 177 593
333 575 104
223 158 678
525 383 367
274 428 405
446 548 431
277 102 137
117 456 241
443 140 977
8 194 447
620 305 490
540 638 674
27 513 255
158 31 838
148 306 645
206 93 494
412 23 321
160 140 963
491 583 963
462 591 30
212 205 682
103 86 480
258 113 895
534 272 852
534 72 433
615 278 397
237 343 865
26
51
18 12 537
9 18 998
19 12 257
23 7 6
4 7 779
5 1 807
9 10 671
23 0 532
9 5 238
10 19 265
12 14 605
18 23 260
17 16 296
11 15 661
10 21 858
15 1 654
3 13 948
13 10 675
7 22 150
20 6 489
16 20 683
25 14 229
0 5 873
13 17 139
7 3 266
11 20 23
16 23 325
7 13 7
23 22 825
22 18 994
15 9 212
21 10 369
25 10 812
20 23 447
8 6 279
17 19 437
2 11 729
2 19 824
12 18 254
21 15 608
10 6 503
21 1 543
21 1 339
1 23 186
25 5 449
3 22 632
2 0 742
24 4 725
9 17 959
18 14 242
17 0 414
2
21 3 127
17 4 818
700
787
102 51 333
550 533 9
534 151 896
275 97 964
251 318 573
9 492 547
503 125 231
416 209 189
129 288 436
189 605 488
428 159 791
460 162 624
421 696 775
516 423 324
179 674 94
204 135 986
50 90 664
533 659 573
621 88 313
608 278 870
347 6 782
137 619 144
613 340 292
539 156 615
563 487 541
356 691 28
94 194 319
657 179 178
181 252 466
146 160 996
15 659 203
196 96 122
691 161 114
482 1 370
148 16 909
488 372 953
416 618 47
586 27 126
15 361 730
80 507 590
576 674 249
530 171 497
403 314 311
616 97 112
437 245 928
197 186 852
649 54 223
47 640 350
324 655 511
153 187 370
294 215 445
394 197 868
43 52 782
553 120 479
516 557 277
343 207 363
146 308 117
568 356 209
318 132 816
580 438 403
650 32 671
146 579 468
513 622 621
494 475 241
25 291 51
501 86 310
615 232 618
631 253 726
191 23 111
406 603 149
260 5 133
482 151 312
202 664 534
522 611 461
414 636 204
316 437 42
577 504 475
295 587 780
672 78 603
482 636 158
182 348 464
615 131 667
378 333 932
612 307 95
224 173 931
128 642 420
269 519 924
95 266 911
326 391 941
428 325 477
586 508 977
49 575 760
515 253 645
398 165 252
192 542 878
74 122 572
393 543 643
668 639 710
130 417 553
370 146 578
698 32 286
127 233 161
386 200 867
431 51 584
234 395 126
363 470 48
434 315 392
477 436 983
238 566 600
390 389 198
319 387 582
605 666 215
217 353 468
83 236 271
267 622 366
444 286 388
592 172 756
35 649 392
117 339 910
68 181 899
166 501 539
447 558 805
414 227 810
33 463 846
403 182 869
620 626 107
60 670 779
515 5 881
158 274 120
367 343 402
418 509 655
156 256 813
12 122 740
222 155 303
119 558 85
487 631 564
45 691 434
324 658 440
4 116 914
23 635 457
376 353 618
530 661 627
694 674 49
234 196 705
388 467 215
25 255 946
288 452 989
521 76 747
212 80 315
26 256 251
334 84 804
452 67 866
430 61 240
378 447 88
634 288 255
49 313 962
246 601 315
435 574 443
33 87 524
448 265 732
98 599 116
253 503 35
218 233 597
309 64 596
48 698 984
255 199 197
168 446 150
534 333 277
277 366 664
252 114 929
483 364 880
250 618 136
85 136 321
133 598 837
628 646 36
12 353 187
560 522 533
310 356 118
86 633 985
101 185 151
381 120 516
560 523 586
147 608 522
120 41 972
156 121 671
191 133 224
578 694 946
162 456 855
232 542 688
516 95 26
518 476 598
185 488 521
470 636 181
344 56 174
115 364 96
685 556 929
361 586 575
558 200 831
412 432 325
352 400 720
629 371 648
326 556 637
699 479 525
279 123 633
53 390 797
648 528 405
128 189 643
303 47 396
385 460 780
462 264 133
633 193 604
581 519 412
469 670 791
445 250 966
629 455 557
477 555 585
334 683 626
76 438 273
323 276 85
303 38 749
135 671 642
490 4 714
1 473 484
144 370 486
409 299 893
517 229 448
301 563 432
578 639 122
51 415 998
287 18 736
636 305 760
629 95 364
442 248 890
378 392 860
15 254 612
108 71 941
55 525 604
138 403 595
660 606 310
209 194 880
345 282 437
604 211 232
319 106 733
660 484 25
520 651 131
283 59 903
275 267 980
130 405 283
624 517 142
286 27 936
117 524 118
254 580 329
485 199 987
569 160 223
346 132 875
376 567 186
630 142 253
9 272 211
644 348 828
485 634 807
520 204 531
289 458 111
269 395 263
356 265 875
378 611 159
504 439 726
690 370 220
594 531 892
204 475 392
484 260 679
90 232 983
221 673 741
383 243 536
197 51 453
171 581 164
429 386 504
6 528 726
425 422 457
568 79 333
360 563 845
238 653 930
472 326 703
464 162 198
699 359 401
104 531 183
667 412 121
422 419 401
547 144 923
656 165 954
388 525 969
684 215 775
665 687 901
620 451 515
117 602 175
518 6 458
252 126 170
372 0 741
472 0 38
446 656 303
652 496 928
20 632 295
194 598 34
147 518 237
261 87 791
35 57 150
644 309 828
114 133 328
306 605 728
643 504 836
445 456 984
224 476 17
218 123 215
503 270 985
539 531 172
630 19 882
331 663 591
158 229 125
685 536 882
665 479 786
52 377 494
636 601 623
452 272 946
318 75 68
154 615 799
77 697 370
58 328 534
349 638 163
225 623 351
6 40 431
444 245 760
89 181 561
363 85 833
608 555 961
575 9 828
526 86 225
495 297 5
580 646 643
43 323 818
345 329 611
275 225 856
186 467 889
547 130 374
631 191 581
91 66 790
318 44 228
694 692 425
150 572 323
244 67 46
414 413 828
624 140 805
531 327 472
619 174 803
244 105 94
424 349 412
613 667 909
492 114 601
517 264 373
91 509 741
537 223 54
216 299 94
120 130 973
644 201 547
598 445 705
591 169 406
254 234 773
662 26 439
362 695 704
87 239 265
579 228 588
84 444 339
429 16 669
402 660 170
0 558 567
404 601 736
61 156 522
234 270 448
124 85 996
127 172 135
91 203 615
430 287 559
368 16 827
588 418 188
309 419 498
475 275 852
262 337 308
283 23 830
483 147 315
678 427 839
564 518 142
678 401 629
688 221 746
14 110 816
153 419 387
303 195 163
354 457 252
13 193 75
642 676 774
657 106 701
447 122 472
289 100 25
569 240 346
166 406 456
182 560 876
220 163 523
382 517 132
485 530 225
611 624 953
185 33 959
337 481 81
308 222 933
284 91 73
330 258 32
485 592 292
512 112 407
186 647 524
470 584 6
94 496 682
547 681 516
557 470 697
538 231 71
222 515 562
147 145 972
478 83 116
669 595 381
475 82 928
250 552 64
7 98 160
388 97 693
255 107 364
603 645 347
473 319 962
587 466 908
258 244 991
126 365 438
106 292 772
185 542 476
148 1 775
608 542 324
500 97 731
315 153 428
361 626 348
223 513 914
382 224 511
624 350 76
213 456 369
585 641 263
260 89 117
186 149 259
362 102 908
644 417 761
172 231 240
171 606 905
636 288 729
646 364 531
322 577 339
442 614 432
556 327 874
672 513 823
82 327 325
290 272 95
102 444 126
693 67 732
398 3 172
478 650 788
361 424 17
699 318 632
431 174 459
404 147 624
678 229 452
355 671 24
449 226 120
226 219 439
609 69 542
32 548 644
519 209 468
487 360 86
218 243 761
428 99 960
452 78 941
255 433 965
330 334 791
301 560 362
339 469 232
532 501 832
676 472 693
543 259 505
181 630 349
693 358 448
652 262 978
444 669 911
208 299 397
350 52 857
12 391 78
595 376 231
326 352 455
570 347 415
474 528 797
622 521 355
322 625 770
99 370 139
310 30 191
458 381 43
315 393 487
244 288 63
127 66 767
481 636 714
547 410 343
543 485 116
350 107 994
419 206 916
609 668 846
399 427 927
394 194 872
80 590 912
294 17 230
160 499 166
373 346 929
567 190 514
35 540 73
128 411 879
195 320 548
140 20 827
619 566 221
242 98 511
154 392 281
435 4 280
501 529 978
581 397 468
446 584 160
418 164 471
596 359 892
195 651 964
221 570 82
593 265 380
156 571 624
436 306 228
667 107 257
544 140 406
612 586 142
123 304 106
594 201 565
137 548 717
552 222 839
133 115 804
664 423 875
187 159 282
414 278 541
622 123 582
680 187 268
621 310 25
179 356 378
643 493 226
511 497 748
250 82 516
405 46 39
280 233 951
613 99 881
353 174 104
386 306 791
306 379 454
530 558 210
407 654 656
284 617 753
232 167 288
599 25 934
689 305 20
391 370 771
372 23 797
627 562 503
218 168 735
423 698 245
132 557 599
487 141 217
92 525 936
479 424 561
364 566 318
635 257 488
306 81 964
454 9 678
209 379 546
343 102 944
487 386 601
38 174 94
206 418 820
541 197 644
354 13 662
623 649 472
563 407 953
678 313 914
655 522 145
100 165 99
395 105 986
547 295 812
140 501 330
259 494 179
255 300 292
116 224 393
387 239 252
192 369 666
157 324 488
502 576 806
552 423 863
137 270 258
48 562 559
529 122 405
507 529 6
651 97 382
195 637 21
147 129 590
564 438 766
651 392 94
508 245 517
622 382 987
179 583 301
389 412 223
394 220 804
151 323 2
132 518 639
504 665 20
545 681 410
362 85 603
55 593 48
171 516 82
9 147 517
409 537 330
384 383 402
187 534 377
88 666 295
78 622 113
349 467 494
359 281 279
61 336 625
160 507 41
93 668 840
610 377 877
291 61 612
344 401 346
20 489 164
366 20 86
678 369 405
272 180 886
102 393 974
526 5 833
218 99 801
58 161 179
586 604 892
98 400 393
143 420 35
459 238 455
696 217 376
1 641 209
438 43 202
664 22 108
696 240 359
697 450 472
375 337 776
266 587 728
11 30 648
245 641 238
499 638 555
26 639 148
434 529 592
688 493 566
95 490 758
605 639 9
576 314 898
603 32 685
330 43 67
629 288 209
466 239 547
673 418 838
120 304 319
463 292 965
128 387 607
186 292 46
146 320 812
443 223 444
79 5 40
445 634 280
205 553 972
603 526 490
392 646 394
11 410 887
427 538 426
633 176 371
78 322 543
689 217 367
84 296 624
375 194 611
255 551 564
678 607 742
667 299 588
412 462 750
450 189 441
328 274 417
498 504 392
440 645 261
58 30 358
534 405 804
244 112 807
507 90 914
200 209 314
387 74 28
589 524 318
629 304 844
297 254 949
288 695 794
101 205 176
210 39 782
513 435 946
271 394 289
485 594 298
450 434 72
177 323 849
246 252 53
590 1 760
38 442 455
283 543 912
559 53 404
692 566 539
237 289 234
25 74 580
175 676 814
398 154 37
598 552 689
403 594 243
462 632 385
668 368 728
379 227 981
434 219 299
225 456 488
258 634 815
337 261 591
303 659 197
439 558 950
280 261 44
122 175 429
406 143 897
533 522 976
165 409 95
363 634 903
302 344 689
316 133 750
307 436 862
55 176 520
356 456 833
400 30 208
680 436 803
628 421 825
103 586 86
497 249 420
251 3 116
640 320 50
589 79 386
650 134 514
21 491 770
505 343 452
464 475 888
566 403 509
643 658 647
428 607 248
300 158 152
515 98 172
164 140 603
402 242 937
115 264 180
437 221 375
88 686 950
176 552 505
136 647 15
683 376 222
230 676 733
481 643 883
504 108 423
606 662 566
295 77 182
474 514 103
601 603 241
502 231 694
107 519 341
673 502 269
295 185 897
379 118 341
561 623 1
184 681 263
201 276 992
482 203 607
436
104 661 378
606 344 423
165 163 115
139 118 384
586 303 632
265 573 324
278 496 676
462 478 938
115 206 930
597 409 888
486 665 501
163 24 345
485 189 560
699 480 878
634 518 333
418 235 759
541 514 455
17 276 85
206 392 544
487 441 905
674 227 971
426 542 547
370 327 888
82 479 969
611 565 687
196 283 323
354 125 389
308 294 765
345 500 9
40 288 803
144 414 282
214 141 825
612 663 204
500 45 183
168 109 849
506 305 832
380 659 809
68 419 103
185 216 4
145 256 144
547 401 58
81 67 951
5 680 815
408 480 912
591 100 121
91 58 126
574 591 685
635 111 957
137 296 673
292 594 730
35 593 383
345 674 250
95 679 582
661 540 562
573 583 214
593 674 873
371 0 916
655 635 27
263 73 676
636 517 870
565 5 763
347 350 990
348 597 669
330 559 709
243 432 644
257 477 618
481 148 871
596 256 506
122 519 331
97 455 349
118 472 406
33 271 856
622 72 705
490 402 416
351 645 900
94 354 278
664 135 378
686 183 534
491 306 406
522 555 961
522 674 986
527 7 509
334 629 781
190 571 735
606 374 581
205 621 587
434 37 923
112 23 206
45 666 464
650 640 372
463 614 798
200 593 857
360 227 538
441 570 509
375 476 536
407 133 909
94 568 246
68 680 121
225 177 687
141 280 980
612 43 994
509 395 488
565 55 667
154 648 237
162 476 965
149 183 399
57 429 519
154 649 999
426 327 428
665 468 508
144 380 551
389 341 598
376 358 454
195 512 954
431 126 130
48 428 266
498 485 947
116 92 97
566 670 624
493 635 344
1 231 924
403 621 217
501 449 375
106 644 639
511 528 165
541 576 545
358 526 983
604 642 75
252 660 645
227 453 733
670 454 964
245 310 37
161 263 87
587 521 131
277 332 759
94 325 287
338 683 113
520 588 107
246 292 267
643 520 21
275 490 227
290 36 789
227 349 952
613 389 873
395 666 858
6 60 683
192 399 967
357 219 7
463 466 899
682 409 619
654 136 862
380 426 198
21 653 899
472 18 988
197 414 455
254 420 815
636 64 966
454 421 186
160 337 604
311 319 865
129 273 701
590 105 779
539 126 433
138 51 803
277 248 317
231 654 789
398 42 154
263 497 227
348 109 764
503 572 735
367 2 160
519 44 266
398 36 544
382 326 947
384 603 347
253 135 601
541 533 96
346 248 445
25 597 654
40 552 327
375 220 81
434 191 777
51 589 965
647 271 191
593 108 795
240 361 582
540 354 367
487 153 115
231 178 364
85 218 717
663 593 389
695 480 432
223 683 922
488 630 345
378 676 153
324 216 366
557 208 421
75 696 174
390 227 204
205 464 922
573 579 768
613 574 900
145 98 583
418 38 714
262 416 590
367 193 558
132 202 866
404 278 314
129 668 642
32 325 558
306 351 38
473 264 864
572 561 814
106 279 852
119 542 521
260 361 614
69 493 416
635 350 646
100 479 66
341 664 392
499 270 43
688 195 759
51 219 621
365 325 900
16 597 294
388 309 955
101 379 601
169 466 651
514 566 982
280 360 798
523 311 20
417 299 415
575 502 586
595 167 412
195 336 661
488 24 570
595 278 49
495 599 667
45 413 34
378 145 846
676 120 957
695 537 108
362 413 810
247 308 878
610 655 514
170 444 590
40 339 368
440 286 967
607 331 33
92 161 630
637 137 151
245 285 988
152 99 901
561 346 862
590 409 417
255 579 213
645 71 204
64 664 990
631 571 573
515 115 935
544 52 224
694 449 109
134 601 708
686 614 607
147 657 568
416 364 547
428 461 171
384 526 135
473 609 458
346 424 173
532 268 477
155 415 326
216 549 179
375 535 493
333 135 202
0 3 467
399 583 228
321 267 854
55 41 15
664 539 39
536 523 260
64 130 827
589 498 376
467 326 863
411 659 150
313 112 653
579 663 937
58 284 204
64 491 797
678 455 288
469 443 963
680 507 694
606 548 292
533 315 818
447 178 230
497 491 94
1 522 957
637 33 341
293 97 84
141 227 939
529 696 134
343 676 441
136 34 889
580 567 656
649 467 586
130 416 530
423 417 952
679 355 137
671 100 234
454 241 962
692 222 710
277 566 739
217 154 873
157 186 193
564 136 560
450 266 476
431 690 945
234 121 552
71 93 852
4 547 346
317 692 968
627 269 386
365 639 293
289 248 979
81 113 967
492 15 486
619 446 628
464 680 349
115 203 694
19 208 42
164 677 34
683 56 155
521 421 494
665 163 643
295 396 608
62 189 975
399 260 273
178 24 805
78 292 709
72 463 569
613 627 346
598 62 103
304 583 576
498 548 639
392 144 836
551 358 77
25 209 837
97 387 414
301 465 358
161 537 521
229 602 600
275 652 562
529 257 498
656 207 346
247 51 142
234 602 852
410 627 961
298 176 800
363 629 366
172 91 55
292 320 910
491 47 962
205 28 71
502 685 378
99 384 229
693 618 583
244 480 710
157 230 938
456 594 368
673 66 59
28 511 931
137 454 331
350 659 359
121 613 296
250 13 780
431 6 998
513 402 378
675 559 461
312 468 955
31 441 273
541 469 936
124 58 191
454 561 302
112 682 416
608 384 581
87 115 939
337 629 341
366 56 453
626 368 721
232 552 862
605 393 284
392 517 894
482 423 655
684 536 989
251 596 274
531 135 89
269 472 370
561 291 826
13 217 747
633 450 499
447 507 844
30 199 714
675 134 437
330 270 725
118 521 521
291 504 957
32 73 381
401 634 172
279 100 790
525 33 892
623 632 751
18 114 302
631 90 88
420 572 58
44 690 979
265 434 783
621 618 408
353 319 195
225 598 595
466 575 680
609 498 665
559 669 479
312 52 369
200 472 341
357 517 384
488 82 770
422 155 588
430 508 207
676 185 158
322 651 833
153 560 84
617 571 753
496 336 905
464 536 330
457 345 47
440 133 281
709
108
569 544 291
409 426 667
474 279 989
34 144 694
25 451 712
256 324 208
184 188 424
632 72 981
410 405 273
509 384 334
44 315 982
448 16 189
442 490 904
370 595 452
538 620 83
575 239 818
65 423 810
234 418 482
345 190 849
287 699 847
405 106 833
357 625 366
98 430 384
119 91 286
354 700 586
403 637 306
704 702 282
556 228 251
481 644 610
173 222 45
320 698 663
3 347 402
482 445 633
104 564 696
251 210 931
380 613 403
39 679 317
192 598 450
55 441 134
107 685 290
150 296 658
370 371 517
578 144 759
506 320 638
526 571 255
609 313 44
549 352 823
553 615 456
148 670 73
386 69 522
209 219 1
22 661 695
181 601 321
148 398 261
680 287 153
74 187 934
224 98 909
344 13 711
353 161 944
236 548 568
24 119 979
179 141 840
706 394 552
668 542 100
312 584 882
598 21 125
488 245 935
92 589 980
311 304 63
492 540 964
104 635 324
645 105 154
499 102 617
246 132 175
462 444 467
256 404 746
308 183 56
458 275 219
621 658 746
237 512 357
472 617 573
189 553 98
47 414 276
370 22 129
597 484 271
62 102 852
257 481 159
59 230 746
521 143 325
649 380 191
608 215 262
493 404 165
626 522 739
81 254 889
448 213 64
622 276 147
421 533 260
545 664 691
235 547 770
584 488 911
98 387 726
229 243 242
346 160 612
97 312 804
651 51 993
343 674 348
137 457 262
412 293 791
280
528 122 750
474 610 13
643 359 738
234 673 332
580 124 295
40 436 99
691 559 443
325 595 790
533 343 51
308 707 194
588 597 50
242 434 605
287 368 496
300 603 934
48 545 576
53 585 62
1 568 453
35 255 490
573 80 709
659 388 508
391 338 734
316 651 504
213 229 180
470 530 736
691 649 607
327 702 672
542 65 47
607 171 561
558 35 246
214 57 688
648 519 868
262 127 534
309 340 700
87 101 806
468 154 183
686 482 479
142 386 790
166 285 264
516 134 984
238 420 58
418 430 975
299 692 487
123 364 198
247 451 605
192 211 639
148 259 229
98 401 436
185 638 415
443 445 303
98 683 809
591 464 144
114 125 40
615 319 650
109 566 505
485 120 691
307 340 463
610 438 196
662 694 584
290 428 891
124 598 660
448 480 633
494 665 973
524 642 919
279 42 464
415 599 471
195 197 769
234 98 188
36 123 519
405 484 375
653 679 741
95 419 378
143 275 908
316 161 521
100 441 767
522 218 249
426 485 958
670 10 474
643 47 585
673 523 353
423 467 431
132 633 981
322 67 146
538 455 668
688 626 494
171 439 184
324 227 75
603 188 981
413 123 802
347 158 769
56 581 475
444 76 229
685 469 365
421 369 857
389 348 975
161 519 533
151 205 3
626 99 503
473 513 574
368 222 734
77 278 708
324 84 238
567 60 405
169 552 765
296 304 189
341 536 797
117 687 835
191 675 614
453 439 606
130 169 396
36 317 688
523 4 560
449 571 698
205 102 893
260 399 518
26 102 714
382 290 16
234 481 498
257 297 789
84 427 745
204 534 432
602 348 675
376 159 702
352 365 583
171 696 469
295 13 742
316 466 232
387 63 643
423 320 479
261 405 313
269 609 934
594 503 994
214 241 137
476 593 65
132 55 598
258 421 571
487 100 134
297 487 824
659 201 254
681 534 382
349 94 603
694 50 603
607 264 942
112 102 21
692 306 732
550 564 946
492 413 375
263 72 387
26 94 831
181 66 496
102 486 478
633 471 856
320 440 656
319 553 580
273 536 561
283 377 419
76 160 545
40 424 520
491 521 988
434 64 427
274 167 854
207 162 497
262 483 55
580 164 663
363 438 738
452 83 229
468 230 354
117 270 599
618 52 787
505 557 226
457 193 595
187 401 552
389 25 642
393 676 214
170 402 937
554 145 542
677 613 326
251 92 15
321 73 995
274 578 97
291 326 519
547 585 740
256 265 967
519 20 504
237 261 633
465 106 266
137 145 471
40 396 846
212 79 560
508 353 952
14 645 153
422 483 663
523 101 331
10 620 211
245 219 317
102 684 738
176 184 54
225 224 914
437 436 974
652 306 314
97 391 865
649 105 221
368 628 933
352 0 994
427 246 970
54 419 796
567 666 15
516 182 656
224 620 30
11 634 186
222 93 870
370 34 951
362 402 521
527 117 546
602 615 530
188 32 457
530 599 239
346 478 52
387 702 388
226 75 863
371 297 76
270 667 884
274 392 949
197 281 952
263 174 103
574 434 423
667 255 1
80 601 537
384 279 297
670 576 606
172 239 129
547 580 380
319 146 578
493 414 712
146 677 71
485 614 33
148 643 689
410 14 110
441 469 598
536 430 536
706 673 460
464 512 239
252 193 528
503 48 495
326 265 388
395 41 738
188 189 1
308 670 414
320 402 30
44 229 586
274 297 298
176 53 592
588 376 704
507 171 230
203 568 473
648 254 887
288 443 896
643 113 498
446 504 231
647 548 93
640 185 691
527 361 504
359 311 911
384 181 138
528 384 952
157 394 718
679 683 174
681 688 8
644 425 681
372 434 143
401 366 576
656 255 143
397 615 732
514 361 221
165 252 456
384 480 826
219 450 419
498 493 235
251 429 689
509 163 808
606 564 531
857
22
39 316 825
707 596 890
163 458 444
463 335 949
546 627 171
333 427 919
769 408 27
93 21 815
715 250 97
850 372 954
562 218 305
53 68 388
536 232 690
831 502 152
335 191 439
233 332 848
150 244 140
182 144 471
829 2 610
840 659 928
129 172 455
591 225 308
600
568 556 649
542 201 800
684 200 591
60 532 438
210 583 929
199 727 400
171 536 9
154 146 288
90 318 743
682 543 402
425 254 660
250 603 812
21 430 655
835 297 915
355 315 150
41 514 812
384 493 580
113 647 447
737 545 486
288 370 946
827 602 613
401 853 68
840 681 544
623 466 92
744 821 35
592 669 369
309 196 311
177 117 471
384 661 765
716 92 764
734 726 75
813 270 993
445 253 22
314 683 104
481 571 324
769 306 612
522 422 69
768 600 705
612 791 807
336 651 469
45 335 92
356 292 335
470 544 714
408 2 530
812 290 51
130 9 778
118 532 171
774 443 512
689 5 895
409 342 510
27 194 950
372 550 178
793 163 261
611 378 447
63 333 827
85 463 84
414 389 937
115 306 400
416 802 945
458 354 687
295 382 742
274 561 480
545 497 949
310 252 170
742 315 598
606 400 852
287 621 600
693 736 558
300 102 431
769 368 24
530 470 159
485 744 927
797 239 311
222 356 727
25 48 353
161 655 295
567 85 332
506 586 280
364 693 708
361 605 509
520 278 841
10 570 357
62 510 234
611 732 732
362 757 3
235 61 872
315 435 422
160 748 942
549 256 831
847 617 737
656 87 346
742 98 399
715 824 727
541 385 630
723 747 981
97 789 25
126 247 966
712 215 754
169 764 948
320 754 330
689 360 274
480 245 940
840 767 254
854 451 878
549 124 538
145 222 938
272 155 373
171 10 173
626 180 322
672 307 527
93 139 296
266 619 821
536 603 162
581 407 200
153 99 18
280 51 971
338 324 282
451 302 723
586 71 885
628 551 950
374 451 303
287 717 992
638 204 65
513 785 600
839 745 227
433 168 925
55 507 424
690 765 689
479 302 120
61 73 370
808 255 472
644 542 994
242 131 581
58 644 838
280 434 643
216 10 884
204 729 852
515 563 919
743 849 256
379 53 536
372 4 286
817 455 801
73 505 900
389 563 448
634 650 293
574 674 804
682 21 952
248 343 721
579 230 834
162 609 823
482 788 343
201 556 694
269 629 221
275 161 340
68 602 651
103 126 379
147 809 801
728 7 692
822 393 93
51 555 419
855 844 448
613 188 946
826 264 259
688 539 671
62 415 21
87 325 949
593 472 44
456 151 157
470 780 558
713 639 854
516 637 581
250 200 375
540 169 686
409 664 115
439 727 111
22 814 966
396 358 836
528 621 23
668 234 247
343 755 694
574 221 538
599 471 473
812 818 193
240 370 269
15 616 394
204 639 570
719 842 174
463 513 358
358 131 167
176 475 692
441 192 352
292 598 594
151 553 67
179 601 325
14 616 742
384 820 339
711 489 416
346 95 17
602 260 649
236 437 223
432 685 944
849 784 744
687 78 294
486 64 686
462 743 331
198 270 43
379 788 789
546 84 402
176 686 906
601 730 898
838 305 424
23 105 21
664 599 867
808 36 152
503 305 794
150 503 538
231 26 657
609 379 972
226 555 545
103 106 189
224 751 947
837 775 171
327 389 806
560 147 565
1 650 828
184 607 634
445 838 376
443 591 118
526 624 228
438 727 354
223 758 72
784 545 324
594 15 558
810 576 715
12 384 832
376 375 943
194 627 386
38 214 6
261 740 852
653 321 181
488 351 538
217 85 698
528 486 34
371 439 411
168 258 981
615 442 889
812 636 26
797 482 399
324 550 628
667 347 961
495 835 586
416 2 449
26 530 74
315 708 264
794 683 937
136 441 567
517 203 139
669 807 733
178 274 762
234 749 804
611 387 213
96 803 412
524 636 76
774 758 410
220 695 832
782 638 525
736 299 431
663 111 935
685 290 748
594 524 368
850 86 328
227 182 517
270 706 282
843 430 358
217 458 805
274 383 601
579 263 988
230 733 343
496 561 415
179 299 831
611 99 552
380 327 867
95 404 223
254 198 47
315 222 601
21 497 821
365 219 978
816 257 210
521 560 898
516 739 506
649 300 485
205 680 400
414 582 14
279 837 49
575 102 618
472 123 905
560 295 434
53 61 986
87 582 496
489 48 711
140 698 350
747 710 92
632 74 101
64 353 11
358 72 883
17 544 817
174 247 414
164 108 716
411 2 363
361 491 471
0 438 224
796 328 821
558 103 832
709 831 480
841 332 810
217 350 774
381 331 194
647 302 46
117 713 892
170 24 981
79 24 818
685 627 591
95 328 701
435 844 511
465 828 719
374 189 997
635 377 250
286 167 911
45 284 965
470 262 611
529 148 855
833 640 102
415 542 443
765 121 978
233 586 423
697 768 955
654 546 447
749 639 608
289 491 857
349 104 557
433 440 530
348 223 648
33 445 434
710 354 721
710 394 340
296 234 451
71 31 476
223 587 664
542 683 356
760 839 795
382 222 665
817 570 783
842 410 739
552 263 938
577 780 538
802 220 609
81 291 499
763 515 457
841 7 41
746 767 271
562 100 53
818 724 593
247 709 48
785 404 156
821 788 599
393 733 150
200 814 411
508 527 533
547 511 771
218 400 684
729 105 478
604 730 34
0 784 351
469 713 863
538 677 289
337 213 322
356 220 762
473 536 734
249 226 603
696 251 374
196 123 191
461 535 720
592 342 445
576 811 402
771 299 880
40 636 769
707 799 676
475 223 101
577 472 852
333 118 970
104 121 76
838 582 224
395 318 358
736 37 526
77 615 882
758 462 730
603 313 865
669 595 403
220 315 876
855 455 406
27 367 325
650 348 461
95 743 553
545 622 247
757 506 461
219 408 780
317 154 228
164 630 215
235 851 178
584 849 719
195 683 212
784 476 847
48 378 47
488 67 553
771 631 469
620 850 28
267 117 998
34 89 53
396 324 647
687 51 983
576 53 678
833 644 512
387 693 355
685 131 918
555 709 726
74 472 659
2 739 448
748 580 660
217 119 50
731 613 141
186 333 396
132 116 433
554 503 418
497 331 551
122 693 783
378 768 573
434 770 54
608 468 99
678 685 276
215 366 760
468 360 271
774 492 372
10 189 262
604 493 634
278 615 394
855 136 361
855 378 915
737 129 701
342 615 475
731 830 533
684 441 208
305 358 178
707 176 306
755 780 946
748 8 17
771 7 242
512 5 281
166 549 581
95 698 504
710 380 99
834 207 156
461 319 772
387 169 29
502 731 696
724 623 324
705 344 46
630 0 435
75 166 896
314 262 175
311 115 900
282 756 830
501 360 588
28 747 896
589 199 17
22 66 231
321 772 635
627 352 942
552 427 362
169 549 650
485 3 929
130 92 731
840 400 263
348 429 406
496 825 113
519 847 33
115 312 831
249 746 748
853 249 417
103 418 417
86 710 955
184 648 779
181 631 746
345 786 981
206 425 512
459 88 739
393 203 984
241 259 292
249 256 154
684 166 761
811 253 638
748 244 686
585 233 86
159 578 777
632 785 7
410 194 87
649 587 303
343 636 291
590 28 991
230 712 764
95 473 964
477 171 519
458 757 806
405 723 439
89 498 528
198 715 185
202 507 441
216 657 128
490 391 697
827 428 212
281 330 89
844 614 987
602 215 979
400 428 515
777 517 927
224 522 728
337 531 654
181 747 690
467 381 830
589 351 876
565 439 940
822 427 659
393 836 720
721 380 911
722 107 305
171 331 964
336 476 622
816 464 933
46 74 540
524 470 729
573 179 318
759 144 272
38 537 109
197 208 633
784 737 635
838 51 994
557 388 895
614 154 482
562 200 179
33 531 89
713 54 369
783 813 163
229 851 105
319 856 525
789 783 937
316 572 620
839 272 652
123 694 335
729 399 62
359 432 662
459 96 658
739 686 341
776 58 721
494 185 518
226 781 994
696 241 452
167 223 207
26 153 881
703 25 110
530 384 730
31 651 172
443 340 458
618 259 155
787 560 780
763 787 261
665 433 935
89 407 796
642 433 90
840 86 300
579 423 306
558 454 846
633 704 640
537 465 851
307 202 934
261 108 415
140 580 230
67 669 998
688 262 722
799 52 736
78 631 805
212 140 590
334 773 396
795 454 267
466 761 572
698 829 179
2 777 787
404 651 493
355 483 505
547 425 407
631 310 309
282 522 939
