100
28938
955014
229978
816064
335614
25904
527456
990836
23250
384516
856492
533662
975698
729938
775684
196222
663134
385624
494576
772288
275656
791542
984262
354622
317736
650000
722754
383756
508970
849016
405262
54256
804026
151590
870316
655988
693842
914122
163172
717088
298634
19662
767100
790682
265948
542780
503254
929078
928400
997826
701364
720404
305716
685622
75022
623450
851972
797774
523554
360938
646786
445166
415190
967160
596752
801856
623144
290592
232326
302666
524028
47308
838676
291124
837986
104620
833900
341236
33696
278648
855412
251408
999050
161124
937026
590422
784570
788994
904544
824474
666282
551326
269636
597820
34834
866386
399672
657976
673326
631994
