100
816376
570270
170894
496738
569634
362148
980644
479132
179486
743588
497140
251008
699476
730968
375052
302438
832346
976186
229816
154934
599422
237344
994204
977856
937656
593324
879188
937870
336346
78380
389708
152720
165000
76950
165806
734632
955448
146448
213760
134930
406384
227250
902286
105856
958214
277334
924644
306910
769870
670808
461840
885640
424500
972392
379844
362154
565712
775382
300022
418408
853760
206078
87478
535108
283024
253280
269736
238468
916076
999846
889746
322458
227092
792030
944662
701656
585712
385654
8562
871930
56458
986750
273918
480956
475490
653760
843108
557552
429138
659478
975956
799246
865552
63430
334350
664924
833060
120436
903390
749134
