100
8365736
7719602
3654274
9093946
9377534
8111972
8037718
9025418
6580344
8950634
4610816
1987062
332666
538364
8096526
2413298
2245514
823852
6967370
8871412
3509962
6326290
9498136
8235912
2077650
3436450
2042862
3981098
6518714
9678240
5011054
7400798
9914190
8665326
6494742
1808074
9293646
4532458
833488
5873988
5999440
7960652
377398
8848454
1015364
990274
3778100
3260874
4330474
745466
2132284
7840434
9588106
4146768
6076342
1665752
7583214
8119200
8163200
6618276
313790
3174252
4019072
227978
4355926
3030162
4552400
3649570
7562616
7902236
2039906
6078404
8379236
2417302
4926854
9394596
5923924
8704950
5171818
254394
1966766
9820450
8094824
1554870
3967214
4171162
5736970
4066778
4806712
3900168
3201402
5120498
7074416
7220472
7864824
3946690
250630
4933572
112608
329596
