50 20
18 4 14 17 17 1 14 14 13 12 11 14 5 11 11 8 12 8 7 8 7 8 16 5 10 10 15 17 6 6 17 3 10 10 12 18 2 17 11 6 8 2 20 4 4 10 11 15 9 10 
3 7 17 10 11 19 11 17 7 17 2 3 11 3 4 2 1 17 18 11 3 17 4 14 1 19 15 3 14 15 12 8 1 1 9 3 19 20 19 5 8 20 7 10 3 2 12 3 18 1 
5 12 18 1 17 10 19 11 12 4 5 16 11 17 16 12 19 6 3 17 10 10 9 8 11 11 1 2 5 18 15 1 2 4 1 18 13 12 1 16 15 17 3 18 14 10 9 12 15 11 
9 4 12 17 3 2 19 3 16 15 13 10 15 6 13 8 15 17 19 15 4 5 12 7 2 5 16 2 8 11 12 16 6 15 4 1 9 2 3 4 8 7 5 3 12 17 10 7 5 20 
13 8 16 4 14 18 20 10 11 8 12 15 15 17 9 19 9 9 12 12 12 20 18 16 14 2 4 15 20 20 14 12 8 9 16 1 18 7 2 9 6 5 3 1 14 3 11 2 12 14 
13 15 13 3 3 18 16 18 12 15 18 17 6 5 18 13 17 15 20 19 15 5 15 9 17 8 4 7 10 15 1 14 1 5 16 3 3 11 1 14 5 18 11 3 14 8 15 10 14 6 
20 1 11 15 9 19 2 12 6 3 18 18 17 19 14 12 13 16 15 13 2 11 2 4 13 7 3 8 17 16 5 8 8 7 2 17 6 16 20 3 18 10 20 14 8 5 18 20 1 4 
5 14 14 18 17 7 5 19 6 13 6 10 20 14 17 14 2 14 9 13 16 18 2 7 4 9 11 1 1 3 4 17 16 9 14 12 7 10 2 4 2 20 14 2 13 2 15 6 7 15 
18 2 4 20 20 7 20 2 19 12 5 14 8 20 3 14 4 9 15 17 13 17 16 18 18 20 11 4 5 17 10 15 10 13 14 1 12 5 2 10 17 6 4 16 18 18 1 13 18 16 
9 2 12 17 11 1 16 1 16 13 9 5 7 10 17 20 10 8 4 12 10 12 9 5 8 18 2 20 10 11 15 11 13 6 7 3 18 2 16 13 14 4 17 20 6 6 11 15 5 7 
18 6 10 19 10 9 16 3 9 6 14 3 16 6 1 14 20 18 7 15 3 1 11 11 12 16 8 15 2 13 1 12 10 10 10 20 19 5 2 19 2 7 1 9 4 13 14 4 3 1 
10 5 1 20 7 4 7 15 18 9 19 10 12 8 12 1 19 2 17 1 20 11 19 12 11 3 17 5 6 19 5 15 15 17 7 1 20 13 7 10 13 5 11 4 13 2 16 3 15 13 
15 6 15 14 18 5 16 14 9 13 4 13 19 10 9 5 10 1 10 17 10 14 13 12 10 17 14 5 20 8 9 14 14 3 7 3 20 2 8 8 6 3 13 5 12 13 1 1 5 10 
9 6 16 2 18 5 18 11 1 9 10 10 3 15 4 9 9 3 3 16 3 8 18 7 4 1 11 5 2 16 6 2 1 13 15 10 17 5 12 18 13 14 19 15 8 2 16 9 17 10 
16 11 9 14 17 13 6 19 9 19 14 6 1 7 19 15 8 15 11 20 4 4 13 2 10 12 4 5 20 12 14 16 2 3 1 10 7 6 20 15 5 6 20 17 12 18 11 11 5 2 
10 8 17 2 10 6 14 5 11 5 16 16 20 9 18 20 10 16 18 9 10 2 14 2 18 17 19 20 8 3 13 17 3 9 11 12 7 16 8 17 20 15 4 12 3 14 11 4 9 8 
12 11 1 18 12 10 14 2 10 13 17 2 2 19 3 12 2 9 19 9 17 10 3 12 1 17 5 4 20 6 3 11 16 4 20 7 13 14 8 14 6 4 8 7 14 10 10 15 10 8 
3 18 18 17 9 10 13 6 13 4 11 16 7 6 11 6 4 15 19 3 9 17 19 16 15 12 17 5 19 6 4 13 15 13 10 15 3 14 20 7 18 10 14 4 7 4 9 2 19 20 
5 7 16 3 14 10 14 10 6 4 7 10 17 13 14 6 7 8 19 19 15 8 20 8 11 7 4 12 8 2 11 4 20 6 6 5 7 12 6 5 15 12 6 11 16 19 8 2 7 7 
20 13 6 12 12 17 18 15 8 17 8 10 1 7 7 18 3 13 9 8 9 16 11 14 6 6 13 14 20 11 12 11 3 17 2 14 5 11 1 4 8 8 5 20 7 11 9 9 16 18 
17 4 5 19 18 10 5 2 15 4 12 18 6 14 7 8 19 3 18 19 19 17 19 3 16 5 14 5 13 9 14 1 4 18 20 1 19 16 2 6 11 13 15 16 18 1 3 9 16 13 
19 14 9 17 16 17 13 9 13 6 9 6 18 13 15 9 5 5 4 7 2 14 11 17 2 1 9 16 1 4 8 11 9 9 8 5 5 12 5 17 17 14 14 7 18 20 15 2 16 11 
20 18 16 3 6 17 15 6 13 15 10 12 5 18 20 4 14 4 16 19 12 4 4 5 2 1 16 17 14 12 7 14 1 14 8 6 11 2 11 15 8 12 6 4 2 6 20 15 1 15 
5 13 10 8 9 12 20 5 20 14 8 18 19 8 11 18 5 13 19 15 7 18 19 5 1 20 10 20 6 2 6 3 14 8 10 3 11 2 19 10 7 6 19 5 13 1 14 17 14 4 
3 20 1 1 4 13 12 5 5 10 7 10 12 12 9 13 6 19 14 4 20 20 9 18 16 13 19 9 1 4 12 16 15 4 16 11 17 20 15 1 9 13 2 20 5 11 12 10 1 18 
6 1 9 6 10 5 19 20 5 11 3 9 6 18 12 14 8 20 5 14 12 13 7 14 4 3 16 7 4 8 16 9 8 5 15 10 1 5 9 5 7 12 5 13 1 9 18 8 8 2 
13 12 6 11 17 9 13 4 7 9 11 3 9 11 7 15 20 7 19 20 3 6 11 8 10 3 8 7 2 7 20 15 18 5 5 14 13 10 17 11 18 8 13 18 10 19 13 9 17 3 
8 20 8 11 19 9 5 6 7 7 12 6 1 10 10 17 15 14 6 4 5 15 3 17 5 12 8 17 20 4 19 19 15 19 1 13 19 6 10 6 4 2 11 4 3 1 12 17 14 10 
20 10 16 14 7 20 5 14 8 16 9 7 15 4 17 7 8 15 4 18 20 7 19 3 10 13 3 14 1 8 3 13 18 18 6 16 10 11 1 17 6 9 15 12 4 11 11 12 18 14 
9 17 1 19 11 2 11 13 15 11 13 9 15 2 19 1 9 8 3 9 4 8 17 19 12 13 1 2 4 18 7 12 7 7 10 17 9 12 2 15 14 6 4 9 7 2 9 15 1 3 
15 4 2 3 14 13 15 15 6 18 4 13 9 2 11 10 19 11 1 12 6 7 17 1 15 15 14 15 1 14 17 15 17 18 17 3 3 12 17 20 9 12 12 10 14 15 11 4 5 12 
15 10 10 3 2 4 17 15 10 17 8 18 3 17 7 19 19 9 10 7 9 11 18 12 20 3 6 10 6 11 13 12 12 14 14 14 17 2 20 18 10 20 15 12 16 2 3 6 2 12 
4 10 14 1 14 5 16 19 7 1 1 19 5 13 13 10 18 1 12 9 11 13 8 5 17 15 18 19 12 20 2 15 1 16 8 14 20 3 5 18 15 5 9 19 9 13 9 6 13 12 
7 15 16 14 12 12 1 9 2 12 20 4 7 13 11 14 18 2 16 2 20 10 7 8 1 15 20 9 13 4 12 19 19 7 4 10 11 4 10 12 16 2 15 14 14 17 7 11 19 14 
5 10 3 11 17 15 17 8 3 1 11 6 11 9 13 15 10 3 10 20 6 17 13 1 10 6 9 16 8 7 9 12 16 4 2 4 18 11 11 13 3 14 18 14 14 2 20 4 16 9 
15 2 6 7 14 15 12 2 3 19 1 3 3 8 18 16 12 8 6 14 20 1 7 9 6 1 3 5 16 18 5 10 19 2 8 12 9 11 6 11 1 6 5 3 5 3 19 8 10 16 
2 1 16 20 1 1 20 3 17 15 1 2 16 11 15 3 15 3 5 12 5 6 17 10 8 13 4 6 1 13 14 2 5 9 1 5 2 13 8 18 19 20 11 7 2 6 1 8 8 6 
19 5 11 7 14 18 20 17 16 20 1 9 1 5 9 13 9 10 17 8 20 16 19 10 14 1 15 14 8 15 19 7 19 9 13 4 19 4 12 6 3 12 6 15 16 14 8 16 16 16 
4 15 3 2 4 16 14 11 10 14 17 8 20 7 9 4 10 7 8 1 12 2 12 17 17 19 2 16 6 17 11 1 11 14 3 15 1 8 17 10 1 13 10 12 19 18 8 20 4 15 
20 7 16 3 15 4 13 16 19 18 13 2 19 3 7 13 9 7 12 17 9 13 9 18 4 19 15 11 18 10 17 9 16 5 11 10 8 15 5 19 13 17 20 3 12 6 7 20 4 18 
17 12 10 17 9 6 8 3 8 5 12 5 14 19 1 16 8 20 3 5 18 15 13 9 9 4 14 15 16 18 12 4 9 2 20 10 19 19 12 6 4 16 2 9 14 2 16 14 14 18 
18 11 4 10 12 12 6 17 18 1 14 10 4 15 3 15 16 1 6 19 18 9 14 20 9 20 1 4 5 14 14 14 17 17 15 8 1 20 4 18 12 10 19 7 16 13 14 3 13 19 
1 11 19 7 2 7 6 2 2 2 8 15 15 16 4 9 15 16 1 10 5 12 11 16 19 18 8 12 20 1 10 1 3 8 7 4 6 4 17 7 5 16 14 11 3 9 19 9 16 11 
19 20 3 1 15 1 19 3 4 10 15 5 10 9 4 8 4 9 3 12 7 19 8 12 9 2 20 20 11 15 10 1 7 4 1 13 4 19 7 19 1 13 3 2 1 18 10 16 6 12 
8 13 3 7 4 11 8 16 10 10 2 12 10 8 15 11 1 11 1 19 1 1 12 4 3 12 1 4 8 19 7 7 3 9 13 18 12 12 13 1 2 15 4 11 14 19 13 6 1 6 
5 1 18 16 16 12 7 9 7 6 7 14 12 9 14 4 6 5 8 11 18 9 5 1 11 10 11 16 16 3 13 20 4 10 15 11 14 13 19 20 19 17 5 2 17 11 18 15 7 5 
5 4 13 1 17 15 10 19 10 5 2 2 4 17 4 18 7 9 11 18 20 1 14 17 2 11 7 19 5 13 3 1 9 7 1 17 2 2 15 3 7 8 17 10 16 12 20 15 20 2 
12 11 2 17 7 15 19 5 14 15 10 8 15 18 15 7 14 8 9 20 2 15 20 18 16 15 9 7 1 20 8 12 11 1 1 9 8 19 14 1 14 3 20 8 12 6 15 17 5 3 
8 7 9 7 16 4 14 17 3 14 16 10 6 18 3 6 7 10 16 12 2 9 6 13 9 9 19 15 5 3 9 12 1 17 11 17 12 4 13 14 17 8 16 14 18 10 19 16 11 7 
7 12 7 4 4 15 12 14 9 8 9 9 19 9 17 9 5 9 12 17 14 9 17 1 2 14 10 13 9 12 11 7 15 17 2 11 12 13 4 12 20 12 1 10 1 17 11 17 17 14 

