4384 5 6
1 5 336
1 4 12
1 2 325
1 2 957
2 4 282
2 3 337
1506 6 10
2 3 815
2 4 365
0 3 277
0 4 585
0 2 755
1 5 61
0 1 227
0 4 571
1 5 98
0 6 757
2302 3 13
1 3 118
1 3 482
0 1 354
2 3 220
1 3 20
0 3 341
1 2 452
1 3 380
0 1 351
0 2 988
0 3 492
0 3 438
0 3 408
1475 2 11
1 2 238
0 1 819
0 2 405
0 2 491
0 2 140
0 2 543
1 2 612
1 2 341
1 2 811
0 1 662
0 1 306
4321 4 20
1 2 466
2 3 925
1 2 900
3 4 661
3 4 982
0 4 377
1 4 419
1 4 940
0 4 659
0 4 423
0 2 300
0 2 899
0 4 591
0 2 580
0 1 568
1 4 327
1 4 22
2 3 529
1 3 530
0 1 789
4798 6 4
0 1 687
1 3 997
0 6 158
0 1 305
29 6 13
2 5 903
0 1 700
3 5 336
2 5 950
2 3 341
3 5 262
0 3 368
2 5 691
1 4 169
0 5 313
2 5 347
4 5 579
1 3 594
858 7 20
2 4 480
2 6 771
1 6 261
1 5 206
3 7 479
2 6 26
1 5 682
5 6 271
3 6 795
5 7 432
5 6 492
3 7 232
4 6 31
2 5 82
2 7 140
2 4 219
3 7 760
3 7 128
0 2 106
4 7 806
4935 7 5
3 6 590
0 1 919
5 6 94
1 6 254
2 7 89
2920 5 0
295 7 9
0 5 292
1 4 964
0 3 662
1 5 790
1 4 852
4 7 486
0 7 227
3 5 597
0 4 956
2771 1 21
0 1 322
0 1 235
0 1 73
0 1 233
0 1 263
0 1 42
0 1 325
0 1 822
0 1 219
0 1 53
0 1 540
0 1 427
0 1 876
0 1 591
0 1 1000
0 1 484
0 1 267
0 1 686
0 1 931
0 1 315
0 1 854
9 5 2
0 5 72
0 4 394
3578 6 13
3 5 778
2 3 299
1 6 267
3 6 529
0 6 775
1 3 284
4 5 694
1 5 973
2 4 853
3 4 174
0 5 492
0 1 281
0 6 352
4113 3 9
2 3 365
0 2 957
1 2 466
2 3 40
1 3 153
1 3 674
0 3 549
1 3 287
1 2 324
51 7 12
3 4 43
0 3 920
1 4 470
6 7 977
5 7 305
4 5 476
2 3 968
1 6 869
6 7 719
0 7 378
0 2 142
1 6 475
1981 1 22
0 1 31
0 1 790
0 1 691
0 1 96
0 1 233
0 1 500
0 1 388
0 1 774
0 1 800
0 1 316
0 1 803
0 1 558
0 1 427
0 1 341
0 1 90
0 1 214
0 1 371
0 1 438
0 1 203
0 1 805
0 1 973
0 1 357
953 1 13
0 1 112
0 1 295
0 1 84
0 1 764
0 1 252
0 1 705
0 1 80
0 1 640
0 1 473
0 1 967
0 1 878
0 1 198
0 1 36
952 2 15
0 2 429
0 1 634
1 2 350
0 1 915
0 2 367
0 1 777
0 1 630
0 1 509
0 2 776
1 2 827
0 1 795
1 2 843
1 2 985
0 1 982
0 1 925
1629 5 11
0 2 871
0 3 501
1 5 235
2 4 951
1 4 495
0 2 445
0 3 952
1 5 466
0 1 347
1 4 412
3 4 794
3440 6 4
5 6 597
4 5 68
0 2 44
0 4 767
2026 2 7
0 2 722
1 2 206
0 2 564
1 2 268
1 2 377
1 2 58
0 2 45
1943 6 20
0 5 748
2 6 135
1 2 959
3 5 485
0 2 604
1 3 1
2 6 13
1 4 760
1 2 91
1 5 615
0 2 410
4 6 5
3 6 411
1 2 342
0 5 459
0 4 700
1 2 563
3 6 349
1 3 808
3 5 129
140 6 17
4 5 755
2 3 141
1 3 521
3 6 539
2 4 523
3 6 158
3 4 577
0 4 15
0 2 725
3 6 237
2 5 165
1 6 722
0 3 791
2 4 148
3 6 782
1 4 18
0 2 567
2977 7 8
0 7 907
3 5 38
2 7 368
5 7 675
6 7 803
0 6 852
2 7 162
4 6 170
4796 1 1
0 1 997
1975 6 15
0 5 583
0 1 278
3 5 14
5 6 985
2 5 37
0 3 72
0 2 701
0 4 776
1 6 363
0 3 265
1 5 635
2 4 978
4 6 959
4 6 670
2 3 928
3496 4 7
2 3 261
2 3 314
2 3 629
0 3 415
2 4 858
1 4 211
0 4 367
807 4 2
1 4 804
0 1 367
4068 3 13
1 3 94
2 3 292
0 3 448
0 3 682
1 3 843
0 1 165
0 3 573
1 2 257
0 2 298
0 3 897
1 2 787
1 2 853
0 2 699
2806 2 17
0 1 108
1 2 773
0 1 107
0 1 805
0 1 411
0 2 389
0 1 952
1 2 260
1 2 515
0 2 658
0 2 745
0 1 79
0 1 556
1 2 550
0 2 43
0 2 925
0 2 265
1555 7 6
0 6 261
2 7 319
2 5 778
0 4 187
1 7 780
1 7 854
4996 2 21
0 2 327
0 2 219
0 2 895
1 2 59
0 2 315
0 1 7
1 2 639
1 2 72
0 2 175
0 2 842
0 1 943
0 1 136
0 1 745
0 2 887
1 2 490
1 2 620
0 1 878
0 1 681
0 2 447
0 1 251
0 1 795
1619 7 16
0 7 268
1 5 849
0 2 356
3 6 230
2 4 178
2 4 370
2 7 988
3 5 727
0 6 187
5 7 405
3 4 231
6 7 52
2 4 523
2 6 650
2 4 182
2 4 721
1175 5 0
1415 7 2
0 2 736
3 6 258
1161 5 20
0 4 484
0 3 938
1 4 44
0 4 387
2 5 894
1 2 859
1 5 187
4 5 703
0 3 493
2 3 307
4 5 935
1 2 443
4 5 693
2 4 188
0 5 257
0 4 913
0 3 561
1 2 49
0 3 149
1 5 555
2278 5 6
0 4 343
0 2 255
0 5 705
0 4 697
4 5 826
1 4 588
2383 3 1
0 1 47
3631 6 16
3 5 158
1 3 340
0 5 53
1 6 968
1 6 305
2 5 618
0 6 708
1 5 778
1 6 851
1 4 903
0 3 432
3 5 369
2 3 880
0 2 587
5 6 230
4 6 159
4946 7 8
0 7 662
4 6 248
5 6 639
1 6 200
0 7 452
2 6 99
0 6 954
6 7 987
539 2 4
0 1 56
1 2 466
1 2 121
1 2 391
4362 2 18
1 2 376
0 2 153
1 2 801
1 2 172
0 1 513
0 2 529
0 1 719
0 2 738
0 1 686
1 2 837
1 2 119
0 2 216
1 2 47
1 2 707
0 1 662
1 2 378
0 1 785
1 2 982
3003 2 5
0 1 21
0 1 612
0 2 194
0 2 299
0 2 290
194 1 1
0 1 742
4447 7 6
1 5 683
2 7 815
0 6 59
5 7 989
3 7 353
2 6 996
3201 2 1
1 2 397
4419 5 4
4 5 105
1 3 708
3 5 606
0 1 874
282 3 10
0 3 778
0 3 527
0 3 682
2 3 771
1 2 696
0 3 1000
1 2 680
1 3 19
0 2 441
0 2 350
297 2 4
0 1 752
1 2 54
0 2 926
0 2 462
2887 3 18
0 2 663
0 3 621
2 3 826
0 3 951
0 3 879
0 3 737
0 1 152
1 3 472
0 1 494
0 1 654
2 3 17
0 2 250
2 3 43
0 3 20
0 2 88
1 2 753
2 3 290
0 1 695
2097 3 21
1 2 368
1 2 387
1 2 978
1 3 909
0 2 997
2 3 815
1 2 754
0 2 255
0 2 288
0 1 326
0 2 311
1 3 381
1 2 189
2 3 399
2 3 458
0 3 235
1 2 997
2 3 306
0 3 158
0 2 196
0 2 521
4013 5 15
2 4 539
2 3 349
0 3 28
2 4 912
0 5 996
1 2 959
2 5 39
3 5 414
2 5 399
1 4 324
3 4 229
3 5 9
1 4 578
1 2 338
2 5 410
4827 3 19
1 2 592
1 3 724
1 2 117
0 2 802
0 2 612
2 3 404
1 3 12
2 3 648
1 3 504
0 3 567
0 1 496
0 1 202
0 2 184
0 2 44
0 1 64
1 3 91
2 3 703
2 3 206
0 2 918
192 5 1
0 1 292
3786 6 12
1 2 800
0 2 335
0 1 221
0 2 984
0 3 930
1 3 640
4 6 789
0 3 953
2 4 316
0 1 245
1 5 667
4 5 455
2772 5 18
0 3 336
1 3 57
3 5 515
0 4 954
3 5 790
3 4 93
3 5 823
3 4 542
2 4 839
3 4 425
3 4 833
0 2 410
0 1 246
2 4 190
0 1 648
2 4 216
3 5 976
1 5 487
1758 3 20
0 2 398
0 3 441
1 3 728
0 1 538
1 3 191
0 1 331
0 3 811
0 2 560
0 1 765
0 3 271
0 1 838
2 3 447
1 2 826
0 1 306
1 3 470
1 2 666
0 1 269
2 3 446
0 1 846
0 2 296
3236 2 14
0 2 650
0 2 643
0 1 263
0 2 61
0 1 825
0 2 472
0 1 312
1 2 915
0 2 280
1 2 976
0 1 615
0 1 645
0 2 547
1 2 130
1430 7 1
0 3 821
4147 5 0
2184 1 7
0 1 814
0 1 803
0 1 686
0 1 246
0 1 582
0 1 93
0 1 415
4132 4 18
2 3 780
1 4 583
0 2 984
0 4 750
3 4 820
1 4 753
1 3 995
1 4 779
1 3 418
0 1 280
3 4 585
1 3 595
1 2 798
0 3 838
0 4 661
0 3 192
1 2 264
3 4 110
1020 1 12
0 1 959
0 1 819
0 1 566
0 1 254
0 1 64
0 1 686
0 1 466
0 1 355
0 1 110
0 1 193
0 1 192
0 1 43
1297 6 6
4 6 308
1 6 587
0 1 75
3 4 976
0 4 54
0 6 897
2033 7 2
6 7 362
1 4 667
13 7 12
0 5 885
1 3 217
1 4 382
5 7 591
4 5 92
3 6 702
4 7 674
0 3 245
5 7 534
1 7 719
3 4 979
5 7 952
4329 2 14
0 1 678
0 2 461
1 2 728
1 2 447
1 2 866
0 1 618
0 1 115
1 2 793
1 2 382
0 2 620
0 1 605
0 2 720
1 2 65
0 1 242
3400 3 10
0 2 722
1 3 731
0 1 390
1 3 590
1 3 623
1 2 216
0 3 884
0 1 657
0 1 722
1 2 463
4747 3 0
1702 5 17
1 5 281
2 3 382
3 5 844
1 2 996
1 2 836
2 3 460
0 1 139
1 5 151
1 2 470
2 4 525
2 5 497
2 4 591
2 4 676
2 5 741
0 5 727
0 4 575
1 3 333
169 5 16
3 4 123
1 2 206
0 1 948
2 3 633
0 2 462
1 4 890
0 4 486
0 3 665
0 5 818
0 5 631
1 5 155
4 5 52
2 5 908
3 5 793
1 5 330
1 2 147
2933 3 16
2 3 405
1 3 605
0 1 275
0 2 993
0 2 424
0 3 50
1 2 402
2 3 656
1 2 592
0 1 286
1 2 412
0 1 865
2 3 533
0 1 972
1 2 968
2 3 877
4446 7 9
2 5 673
5 7 475
0 1 138
2 7 790
2 5 399
1 7 885
0 3 682
1 5 56
1 4 499
2499 6 2
3 6 317
2 6 207
1637 7 1
1 4 970
798 6 18
1 4 984
2 4 483
1 4 921
1 6 273
2 6 297
2 5 355
2 3 152
5 6 71
0 1 429
0 6 816
4 6 386
3 4 449
1 6 22
2 6 96
2 3 232
0 3 124
3 6 640
5 6 225
4732 1 9
0 1 265
0 1 753
0 1 132
0 1 505
0 1 647
0 1 412
0 1 339
0 1 969
0 1 10
4944 1 9
0 1 554
0 1 525
0 1 463
0 1 502
0 1 918
0 1 203
0 1 734
0 1 941
0 1 786
1482 5 18
0 3 531
0 2 616
4 5 557
2 5 169
0 1 859
0 4 150
1 5 365
0 5 655
1 2 488
2 3 878
0 5 564
0 3 632
2 3 225
0 4 174
0 4 581
2 3 523
0 2 693
1 4 327
614 5 3
2 4 261
3 4 361
0 1 54
3788 3 13
0 3 569
0 1 870
0 3 942
0 2 822
0 3 966
1 2 601
0 1 182
1 2 754
0 3 586
1 3 606
1 2 38
0 3 320
1 2 669
2492 6 3
3 6 746
2 3 980
0 3 151
4777 7 20
4 7 243
1 6 433
3 4 368
1 4 581
3 7 447
6 7 275
6 7 198
3 6 440
0 1 815
1 2 297
1 2 513
4 6 880
1 2 849
1 4 679
0 2 450
1 7 41
1 6 354
3 7 787
5 7 983
3 7 445
2542 7 10
6 7 194
4 7 276
5 7 878
5 6 395
0 3 727
1 4 644
1 2 426
6 7 342
3 5 737
2 6 922
4059 4 15
0 3 199
2 3 685
0 1 58
0 3 53
3 4 162
1 2 349
0 3 916
2 4 960
2 4 999
1 2 990
0 3 864
0 1 791
0 4 316
2 3 982
2 4 918
4608 2 8
0 2 213
1 2 603
0 2 806
0 1 658
1 2 568
1 2 728
1 2 81
0 2 545
2155 4 11
1 4 881
0 3 715
2 3 392
0 2 244
0 2 363
0 1 773
0 3 923
3 4 218
0 3 41
0 3 254
0 1 162
848 6 8
2 5 285
1 3 321
2 4 808
0 2 768
2 3 61
2 6 698
1 6 751
3 4 669
1658 1 21
0 1 21
0 1 294
0 1 532
0 1 930
0 1 445
0 1 154
0 1 915
0 1 614
0 1 392
0 1 218
0 1 252
0 1 236
0 1 678
0 1 990
0 1 137
0 1 784
0 1 595
0 1 446
0 1 596
0 1 667
0 1 886
3613 5 18
1 3 176
0 5 930
4 5 243
0 4 52
1 5 676
1 4 919
4 5 329
3 4 242
1 4 514
2 5 698
2 5 896
0 2 246
0 3 898
1 2 532
4 5 731
0 4 294
3 4 658
1 2 363
4916 2 14
0 1 46
0 1 344
0 1 879
0 2 155
0 2 601
0 1 571
1 2 206
0 1 677
1 2 129
0 2 823
0 1 913
1 2 551
0 2 499
1 2 446
763 7 6
0 2 531
0 7 49
4 6 538
2 3 923
4 7 260
1 7 493
4914 2 15
0 1 574
1 2 120
0 2 514
0 2 1
0 2 497
0 1 99
0 2 703
0 1 243
0 2 598
1 2 721
1 2 73
0 1 569
1 2 641
1 2 374
0 1 389
2131 1 19
0 1 498
0 1 441
0 1 83
0 1 77
0 1 509
0 1 670
0 1 471
0 1 881
0 1 186
0 1 457
0 1 742
0 1 97
0 1 782
0 1 962
0 1 804
0 1 455
0 1 268
0 1 781
0 1 107
3530 3 10
2 3 304
0 1 684
1 2 200
0 1 58
0 1 190
0 1 594
0 1 781
2 3 33
0 3 24
0 1 488
577 6 10
0 6 343
2 3 201
1 3 539
0 1 95
0 5 504
0 2 198
2 6 131
0 2 720
0 6 958
1 5 565
254 2 10
1 2 86
1 2 663
1 2 464
0 1 346
0 1 21
0 1 583
0 2 833
1 2 950
0 2 532
1 2 298
3829 1 21
0 1 165
0 1 516
0 1 453
0 1 733
0 1 149
0 1 746
0 1 811
0 1 125
0 1 549
0 1 214
0 1 729
0 1 501
0 1 975
0 1 21
0 1 807
0 1 367
0 1 607
0 1 448
0 1 355
0 1 826
0 1 530
34 6 3
0 6 293
1 5 34
0 3 234
4503 6 0
75 2 22
0 1 703
0 1 992
0 2 573
0 2 608
0 2 326
1 2 851
1 2 622
0 2 713
1 2 882
0 1 949
0 1 885
0 1 286
0 1 245
1 2 903
1 2 87
1 2 496
0 1 280
0 1 54
1 2 594
0 2 394
0 2 734
1 2 788
1028 3 1
0 2 805
3187 5 16
2 5 637
4 5 108
3 4 487
2 3 19
0 5 835
0 2 824
2 4 786
1 3 701
2 4 71
3 5 634
2 4 836
1 3 222
0 4 274
2 3 344
0 5 543
1 5 942
549 6 1
0 6 83
3060 6 11
0 2 187
0 3 590
0 1 878
1 2 469
3 4 933
1 6 8
3 5 186
1 4 24
1 6 805
0 4 931
1 6 779
4073 4 2
0 1 160
1 4 225
3375 1 7
0 1 162
0 1 971
0 1 722
0 1 809
0 1 697
0 1 722
0 1 975
221 6 5
0 3 297
2 6 271
4 5 241
1 2 508
0 4 149
1775 5 0
2632 6 19
1 5 77
3 5 958
4 6 112
1 5 40
0 6 115
3 6 844
3 5 304
2 5 239
0 3 992
0 5 711
0 6 517
1 2 794
0 4 343
1 3 492
0 6 334
4 6 77
3 4 696
0 5 364
0 2 914
3601 2 6
0 2 752
1 2 85
1 2 449
0 1 496
0 1 821
0 2 714
1088 6 16
5 6 414
4 5 882
0 1 156
4 5 33
0 1 861
0 6 968
4 6 104
3 6 376
2 6 107
3 5 445
1 3 503
4 5 839
2 4 158
4 6 894
4 5 789
0 6 266
4605 2 18
0 1 833
0 2 603
0 1 26
0 1 338
0 2 256
1 2 360
0 2 840
0 1 747
0 1 214
1 2 824
0 2 978
1 2 96
0 1 759
0 1 945
0 2 82
1 2 346
0 2 673
0 2 355
3078 4 17
1 2 862
1 4 705
1 4 592
0 2 634
0 3 142
1 2 626
0 1 607
0 3 753
1 4 597
1 4 187
1 3 684
3 4 632
2 3 175
3 4 777
1 4 761
1 2 589
3 4 439
928 4 15
2 3 105
1 4 527
0 3 655
0 1 197
1 3 137
0 1 740
1 3 323
3 4 27
1 3 553
1 2 207
1 4 752
2 4 240
2 4 183
2 3 362
0 2 509
2375 3 15
1 3 432
2 3 688
2 3 368
0 2 896
0 3 231
0 1 661
0 3 980
1 2 106
0 1 60
1 2 30
0 1 919
0 1 403
0 2 164
2 3 188
0 1 873
3311 4 19
0 3 20
3 4 535
3 4 429
0 1 2
0 4 676
1 4 828
0 1 781
0 3 608
3 4 943
0 2 824
0 1 612
1 2 515
1 2 123
1 4 213
0 1 275
0 3 886
0 2 587
3 4 292
1 2 129
2309 1 11
0 1 255
0 1 744
0 1 593
0 1 551
0 1 660
0 1 711
0 1 65
0 1 885
0 1 102
0 1 653
0 1 877
116 5 9
1 5 716
2 3 480
0 1 934
3 4 947
2 3 705
0 4 699
2 3 255
2 5 131
2 5 964
3928 6 0
4399 2 10
0 1 429
0 1 516
0 2 121
0 2 748
1 2 344
1 2 820
0 2 686
0 2 731
0 2 841
0 1 310
676 2 20
0 1 610
1 2 995
0 1 284
0 2 248
0 2 174
0 1 766
0 2 484
0 2 767
1 2 771
0 2 785
0 2 709
1 2 449
1 2 758
1 2 465
1 2 670
0 1 113
1 2 279
0 1 487
0 2 487
0 1 430
4529 6 1
1 2 732
3676 1 7
0 1 837
0 1 376
0 1 857
0 1 428
0 1 882
0 1 643
0 1 144
3717 2 15
1 2 686
1 2 866
1 2 122
0 1 270
1 2 682
0 2 974
0 1 782
0 2 774
0 2 543
0 1 333
1 2 842
1 2 15
1 2 71
0 2 866
0 2 268
2535 3 2
2 3 846
2 3 450
3221 2 7
0 2 157
0 1 22
0 1 624
1 2 602
0 2 731
0 2 957
1 2 912
3936 4 12
2 4 202
2 4 945
2 4 890
0 2 853
1 2 268
0 1 282
0 3 756
0 2 286
2 4 490
0 4 616
2 4 772
2 3 412
872 3 15
0 1 518
1 3 754
0 2 432
0 2 909
1 2 449
0 2 717
0 3 314
0 2 734
0 1 132
0 1 982
0 1 205
1 2 988
1 2 207
2 3 752
1 2 40
4363 7 9
2 6 200
1 7 680
0 5 415
0 1 175
2 7 771
1 5 630
1 7 438
2 4 988
1 3 636
2523 6 3
0 6 765
2 5 943
1 2 366
4393 2 15
0 2 588
1 2 237
0 1 955
0 2 492
1 2 212
0 1 505
0 1 534
0 2 233
0 2 777
0 1 106
0 1 350
0 1 238
0 1 276
1 2 825
1 2 717
4877 4 4
1 3 92
1 3 200
0 1 921
1 3 304
190 6 19
3 5 446
5 6 31
3 4 412
0 6 993
5 6 963
0 2 635
1 2 442
2 5 239
1 5 357
1 5 953
0 3 831
0 6 57
3 6 638
2 6 79
0 4 198
3 5 506
0 1 381
0 3 948
5 6 935
3260 2 1
0 1 227
2336 3 7
1 3 487
0 3 259
1 3 250
0 3 650
0 1 978
2 3 39
1 3 84
1853 2 3
0 1 171
0 2 665
0 1 428
4909 6 13
3 5 868
3 4 122
0 4 924
0 2 182
4 5 385
2 5 72
5 6 214
0 3 888
2 4 960
1 5 140
3 4 549
4 6 305
1 3 215
3406 4 0
293 5 10
0 1 486
4 5 47
1 5 461
4 5 15
3 4 887
1 5 880
1 4 313
1 4 795
0 2 600
0 3 383
3453 6 5
1 2 252
2 6 116
4 5 195
2 4 426
1 5 515
1244 6 18
0 3 608
2 5 991
0 1 33
1 4 636
1 3 104
5 6 298
5 6 698
0 4 715
1 3 867
0 1 778
2 3 24
0 6 178
4 5 756
1 5 507
2 3 383
0 1 971
1 4 365
3 5 257
9 1 5
0 1 481
0 1 256
0 1 751
0 1 580
0 1 955
1511 5 6
0 3 752
0 5 393
3 4 720
4 5 18
2 4 828
0 4 873
771 7 22
2 4 592
0 3 14
0 7 692
0 6 120
0 7 621
5 6 293
0 6 1
0 5 29
0 1 338
1 5 472
4 5 575
4 7 753
4 5 503
5 6 567
2 7 93
1 5 608
2 3 139
2 6 126
1 2 772
1 4 889
0 7 466
0 5 272
4031 7 18
2 6 367
5 7 975
2 6 307
2 4 998
2 4 219
1 2 104
3 6 538
2 4 668
0 6 137
5 6 903
5 7 548
1 2 642
0 1 546
1 3 55
4 6 220
0 3 488
1 6 129
0 6 436
2085 4 4
1 3 735
3 4 47
0 1 776
0 1 919
563 7 12
0 7 500
1 7 782
2 3 523
0 7 185
5 6 881
4 7 262
4 7 832
2 6 975
2 5 293
0 1 392
2 5 439
1 3 550
2564 4 13
2 3 891
1 3 795
0 1 957
2 4 6
0 3 569
0 1 252
3 4 25
0 4 824
3 4 689
1 2 400
1 3 504
0 2 300
1 3 546
371 7 21
2 3 355
0 6 847
4 5 414
0 3 136
1 4 858
2 6 904
1 3 883
4 6 810
1 5 738
2 4 817
1 4 433
0 5 762
1 2 798
3 5 33
1 4 985
4 5 626
4 7 876
5 6 933
5 7 273
5 7 887
0 4 93
3510 7 0
2865 5 4
0 1 5
0 2 644
1 2 391
1 2 129
3117 4 14
3 4 774
2 4 567
2 4 175
3 4 615
0 3 764
0 1 614
2 3 292
1 4 448
1 3 804
0 4 928
0 2 411
0 2 989
0 1 766
0 2 836
1885 1 17
0 1 386
0 1 882
0 1 80
0 1 233
0 1 220
0 1 230
0 1 465
0 1 663
0 1 39
0 1 210
0 1 800
0 1 299
0 1 458
0 1 765
0 1 136
0 1 283
0 1 611
648 6 2
1 3 660
4 5 185
2738 7 1
1 7 959
852 5 2
2 3 792
0 4 525
3026 7 1
3 5 413
4043 7 12
1 3 822
3 5 380
5 7 344
0 1 630
2 3 898
2 5 525
1 7 662
1 5 523
4 7 491
1 7 162
4 6 821
1 2 228
4340 3 9
0 2 615
1 3 489
1 3 980
0 3 838
1 3 382
0 1 723
2 3 613
0 3 305
1 2 531
2799 7 1
1 5 863
1204 5 20
0 1 490
4 5 624
0 2 32
3 5 679
0 2 437
3 4 288
2 4 698
0 1 757
3 4 435
2 3 142
0 4 254
1 5 394
0 5 825
1 3 736
1 5 503
3 4 922
2 3 725
3 5 337
2 3 457
2 5 298
1317 5 1
1 2 647
2340 4 2
2 3 628
0 3 60
3078 1 13
0 1 120
0 1 586
0 1 572
0 1 483
0 1 148
0 1 426
0 1 373
0 1 902
0 1 580
0 1 59
0 1 172
0 1 350
0 1 981
1853 6 11
5 6 687
3 6 303
2 5 751
1 4 737
3 6 617
0 2 934
2 6 671
5 6 216
0 1 385
1 5 1
3 5 77
4331 5 5
4 5 498
0 2 181
2 4 999
0 1 896
4 5 251
4589 7 20
3 4 958
1 2 540
5 6 399
1 5 791
2 7 819
0 7 253
1 6 164
1 2 613
1 7 771
2 3 671
5 7 554
3 4 53
1 4 451
0 5 47
1 3 438
3 7 729
2 7 861
2 7 692
0 6 934
4 6 11
3724 5 3
3 5 268
2 4 59
2 5 101
2832 4 19
1 2 660
1 4 810
0 1 203
2 4 343
1 2 780
0 4 924
0 4 461
2 4 415
2 4 560
1 2 396
1 4 486
1 2 345
0 2 866
0 4 382
2 3 209
0 4 540
1 2 324
0 3 275
1 4 655
1778 1 20
0 1 3
0 1 678
0 1 895
0 1 644
0 1 847
0 1 93
0 1 395
0 1 324
0 1 556
0 1 399
0 1 92
0 1 967
0 1 800
0 1 864
0 1 24
0 1 75
0 1 937
0 1 164
0 1 526
0 1 651
2009 6 18
2 4 883
5 6 4
2 5 937
2 4 657
3 5 267
1 6 430
0 6 823
2 3 160
0 3 818
1 5 742
0 4 785
2 6 22
3 5 382
2 5 915
2 5 5
2 6 61
2 4 390
5 6 508
3075 3 20
0 2 432
0 3 318
0 3 970
0 1 382
0 2 771
0 1 777
2 3 562
1 3 968
2 3 970
0 1 855
2 3 121
2 3 484
0 3 590
0 2 211
0 3 516
1 2 450
1 3 487
0 3 958
0 1 512
2 3 742
4508 5 15
0 5 913
0 3 47
0 3 744
0 3 777
2 5 892
1 2 212
2 3 745
2 4 666
2 3 774
0 3 838
0 3 130
0 1 527
1 3 676
2 3 423
4 5 575
663 1 14
0 1 243
0 1 639
0 1 579
0 1 970
0 1 39
0 1 671
0 1 907
0 1 993
0 1 255
0 1 570
0 1 157
0 1 954
0 1 750
0 1 532
2129 4 13
0 3 910
1 4 359
0 4 939
0 4 747
1 4 329
0 4 841
0 4 466
0 2 283
1 4 148
1 3 143
0 1 495
1 3 742
1 2 931
4331 4 16
1 3 593
0 1 792
0 1 638
3 4 854
0 1 185
2 4 992
0 1 40
1 2 435
0 3 752
2 3 69
3 4 817
0 3 955
0 2 39
0 3 536
1 2 408
0 3 302
4474 5 14
4 5 593
0 1 725
0 3 929
0 3 468
0 3 617
1 3 590
0 3 145
0 2 861
1 2 216
4 5 75
1 3 107
1 2 610
3 4 223
3 5 147
132 5 21
1 2 370
0 3 260
1 3 601
2 5 439
3 4 87
0 1 234
4 5 432
2 5 576
2 3 579
0 3 354
1 2 357
1 4 686
2 5 68
0 2 871
0 5 789
1 4 156
1 4 651
0 3 49
1 2 875
3 4 550
0 3 687
2059 4 22
0 3 290
2 4 665
1 4 422
1 3 287
0 1 196
1 3 43
1 2 550
2 3 340
0 4 356
0 1 557
0 1 543
3 4 739
1 4 774
0 1 260
2 4 688
2 4 504
0 3 265
1 3 614
0 4 621
3 4 164
0 4 547
1 3 179
1682 6 22
0 2 236
3 4 78
0 2 336
3 6 443
4 6 219
2 4 686
1 4 48
2 3 750
2 3 861
0 4 850
0 5 460
2 3 210
4 5 311
2 3 6
0 5 430
5 6 528
2 6 832
0 6 756
0 2 426
1 5 662
0 1 90
1 3 98
1590 5 7
0 1 701
1 3 620
2 5 479
3 4 579
0 5 168
1 2 667
0 5 688
2615 6 3
0 5 600
5 6 681
0 3 7
1065 1 18
0 1 161
0 1 711
0 1 798
0 1 828
0 1 463
0 1 670
0 1 972
0 1 624
0 1 38
0 1 722
0 1 513
0 1 974
0 1 289
0 1 503
0 1 944
0 1 696
0 1 272
0 1 426
4391 6 2
2 4 962
2 3 996
844 7 12
1 3 103
0 6 615
1 4 516
6 7 632
0 1 717
1 4 712
5 7 393
4 5 830
3 6 352
5 7 753
2 3 119
0 3 739
3848 5 18
0 1 255
0 5 8
4 5 634
4 5 557
4 5 244
0 1 144
0 4 77
2 5 325
1 3 51
1 4 221
0 2 857
3 4 280
3 4 370
3 5 685
0 3 708
1 4 321
3 4 646
2 3 295
1074 7 22
4 6 236
3 5 419
1 2 761
0 5 223
1 2 670
0 2 349
3 7 120
0 1 639
0 6 85
0 4 986
0 1 560
4 5 165
2 4 549
3 5 6
1 3 936
2 6 269
6 7 220
3 4 878
6 7 784
0 4 493
2 3 761
0 6 104
1557 6 7
2 3 855
1 4 950
1 3 704
3 4 662
0 3 571
0 1 791
0 3 975
707 1 11
0 1 559
0 1 120
0 1 2
0 1 566
0 1 697
0 1 338
0 1 863
0 1 320
0 1 86
0 1 72
0 1 239
4145 6 1
2 5 607
1890 2 22
1 2 699
0 2 455
0 2 879
0 2 224
0 2 361
0 1 205
0 2 407
1 2 568
0 1 869
0 1 627
0 2 386
0 1 103
0 1 334
0 1 271
0 1 190
0 1 928
1 2 779
0 1 357
0 1 690
0 1 833
0 2 13
1 2 111
3450 7 5
2 3 795
3 7 875
1 7 916
4 7 629
5 7 928
1108 4 14
0 1 356
0 4 383
2 3 977
2 3 789
0 2 248
2 3 533
1 2 316
0 4 983
0 4 410
2 3 739
1 4 586
1 4 521
2 3 412
0 3 411
1171 3 3
1 3 637
1 3 721
1 3 890
2927 4 11
2 3 350
2 3 547
2 4 607
0 1 95
2 3 492
3 4 266
1 2 659
3 4 13
0 2 89
1 4 658
1 3 156
1254 1 18
0 1 30
0 1 694
0 1 205
0 1 33
0 1 888
0 1 715
0 1 110
0 1 841
0 1 646
0 1 186
0 1 61
0 1 104
0 1 663
0 1 839
0 1 740
0 1 700
0 1 886
0 1 833
4173 2 18
1 2 166
0 1 376
1 2 471
0 1 393
0 1 13
0 1 118
0 2 876
1 2 613
0 1 945
0 2 45
0 1 549
0 1 26
1 2 880
0 2 476
0 1 682
0 1 761
0 2 242
1 2 677
2822 3 4
1 2 286
0 2 2
2 3 628
0 3 831
1831 2 7
1 2 562
0 2 568
0 1 678
0 2 541
0 2 43
1 2 942
1 2 595
3407 4 5
1 2 524
2 4 641
0 3 528
2 4 629
1 2 487
4702 1 12
0 1 370
0 1 126
0 1 317
0 1 28
0 1 477
0 1 426
0 1 38
0 1 16
0 1 879
0 1 15
0 1 233
0 1 254
154 7 6
1 5 9
0 4 380
3 7 104
0 7 375
1 5 76
0 6 681
2770 5 10
0 4 715
3 4 308
3 4 292
3 5 324
0 5 669
1 2 197
2 5 106
4 5 929
0 5 241
1 2 698
462 2 15
0 1 462
0 1 822
0 1 401
0 2 45
0 1 690
1 2 390
1 2 976
0 1 329
1 2 535
1 2 610
1 2 690
0 1 215
1 2 14
0 2 555
0 1 990
885 3 9
1 2 573
0 2 465
0 3 639
0 2 927
0 2 277
2 3 417
0 2 961
0 1 952
0 1 93
538 2 15
1 2 904
0 1 375
0 2 881
0 1 648
0 2 77
0 1 445
0 1 404
1 2 70
1 2 771
1 2 866
0 1 56
0 2 26
1 2 247
1 2 845
0 1 710
1338 4 17
1 4 332
0 1 930
0 3 199
2 3 978
1 2 822
3 4 33
3 4 673
0 4 122
0 1 789
2 4 592
0 3 576
3 4 396
1 3 780
0 3 452
0 1 517
1 3 359
0 1 751
283 4 8
3 4 780
1 3 832
1 3 680
2 4 658
1 4 622
1 2 130
2 4 335
2 3 939
3539 2 7
0 2 956
0 2 403
0 2 98
1 2 505
1 2 901
0 2 296
0 1 804
4982 6 6
0 5 200
0 4 416
3 4 137
2 6 640
1 3 864
2 6 737
3328 3 2
1 3 14
1 3 869
606 3 15
0 3 162
1 3 928
2 3 566
1 3 201
1 2 72
1 2 234
1 2 656
0 1 519
0 2 883
0 1 902
2 3 593
1 2 663
2 3 601
0 3 95
0 1 424
818 6 2
0 2 641
1 6 584
3884 6 12
0 6 846
0 3 101
0 1 486
1 2 797
2 6 761
0 4 324
5 6 554
5 6 704
2 3 718
0 5 957
1 3 903
2 3 539
4972 2 17
0 1 171
1 2 247
1 2 76
0 1 729
0 2 362
0 1 857
0 1 363
0 1 185
0 2 940
0 1 166
1 2 874
0 2 132
0 2 933
1 2 43
1 2 980
0 2 957
0 2 92
4498 4 8
2 3 340
2 3 721
0 2 526
1 2 994
3 4 394
0 2 694
0 4 109
0 2 107
1082 3 18
0 2 821
0 3 215
0 2 731
2 3 85
0 3 125
0 3 494
2 3 768
1 2 134
1 2 530
0 3 193
0 1 521
1 2 329
1 3 734
1 2 854
2 3 603
1 3 172
1 3 30
1 2 545
2310 4 16
0 2 502
1 2 62
0 3 12
1 2 353
0 4 772
0 2 252
2 4 938
3 4 733
3 4 926
0 4 366
1 4 718
1 2 664
1 3 351
1 2 741
0 4 377
0 4 628
212 3 16
0 1 952
1 3 434
0 2 834
0 3 584
1 3 675
1 2 299
0 3 68
0 2 453
0 3 581
0 1 438
1 2 525
0 3 784
2 3 715
1 3 807
0 2 97
0 2 510
2594 1 12
0 1 642
0 1 281
0 1 693
0 1 839
0 1 25
0 1 361
0 1 526
0 1 580
0 1 40
0 1 383
0 1 123
0 1 660
3216 5 12
2 3 622
1 2 78
0 4 461
3 4 134
0 5 855
3 5 551
1 2 485
0 3 828
1 2 43
0 3 722
4 5 396
3 4 663
372 3 4
0 2 691
0 2 379
0 1 62
0 1 604
709 6 2
2 5 342
1 2 286
4368 2 9
0 1 933
1 2 152
0 1 996
0 2 758
0 1 699
0 2 392
0 1 36
1 2 148
0 2 307
4379 3 10
0 3 192
1 3 35
0 1 504
2 3 330
0 2 812
0 1 762
0 2 506
0 3 651
2 3 993
1 2 453
3877 3 10
0 3 452
1 3 660
2 3 841
2 3 51
2 3 387
2 3 963
1 3 267
0 2 107
0 3 910
1 2 597
1505 4 21
2 4 177
0 2 191
1 3 766
2 4 758
0 2 262
0 4 174
0 4 25
1 3 487
0 3 971
0 3 546
0 4 222
0 4 126
3 4 21
0 2 244
0 3 411
1 2 99
3 4 95
2 3 341
0 4 638
0 1 421
1 4 878
585 1 8
0 1 966
0 1 256
0 1 24
0 1 937
0 1 202
0 1 565
0 1 955
0 1 308
1635 7 10
4 5 988
0 6 757
4 5 516
4 6 749
3 7 975
3 5 584
0 7 447
4 6 728
0 5 843
5 7 591
4810 4 21
3 4 124
3 4 377
1 3 445
2 3 28
0 4 63
0 2 329
2 3 576
1 2 592
0 2 962
1 4 873
1 3 202
0 4 129
2 4 291
1 2 892
0 3 48
0 1 555
1 2 41
1 4 867
1 2 209
3 4 772
0 2 326
4397 6 16
3 5 585
2 5 177
0 4 428
3 4 42
0 4 95
0 5 772
1 4 806
1 6 205
2 5 477
0 3 192
1 6 37
2 5 25
0 6 906
0 3 665
2 3 221
2 4 420
270 6 7
1 4 451
1 4 201
5 6 891
2 4 825
0 5 475
1 5 293
0 1 133
660 3 11
0 3 667
1 3 585
1 3 82
1 2 822
1 3 406
2 3 690
2 3 292
0 2 983
1 2 567
0 1 367
2 3 496
2544 1 20
0 1 971
0 1 656
0 1 474
0 1 211
0 1 941
0 1 516
0 1 617
0 1 319
0 1 545
0 1 112
0 1 388
0 1 933
0 1 983
0 1 428
0 1 910
0 1 135
0 1 286
0 1 572
0 1 803
0 1 769
2218 5 9
0 3 977
1 5 207
2 3 158
0 4 948
2 5 462
2 3 582
1 2 188
1 5 432
1 2 35
646 3 17
1 3 782
1 3 59
2 3 281
1 2 302
0 1 970
1 3 806
0 3 244
0 1 979
1 2 615
1 2 736
0 1 59
2 3 296
0 1 738
1 3 983
0 2 995
0 1 633
2 3 310
1485 2 21
0 1 323
0 2 648
1 2 117
0 1 75
0 1 280
0 1 358
0 2 840
0 1 35
0 2 823
1 2 833
0 2 190
0 1 394
0 1 450
0 1 490
0 1 445
0 1 813
0 2 470
1 2 290
0 1 254
0 1 698
0 2 811
2064 7 6
3 5 10
2 6 551
4 7 501
0 5 493
5 6 23
3 5 819
2183 7 9
1 2 942
5 6 780
2 3 33
0 2 833
5 6 990
0 1 719
2 7 20
0 5 971
0 7 803
3583 6 4
4 5 456
0 2 953
0 4 490
1 3 848
2909 5 21
0 5 310
3 5 612
2 5 467
1 4 266
0 3 402
0 2 340
4 5 248
0 5 563
3 5 1000
0 2 581
1 5 500
0 2 765
0 5 53
3 4 833
2 5 413
2 4 94
2 5 637
2 4 271
2 3 313
1 4 713
0 3 98
1705 1 16
0 1 808
0 1 7
0 1 66
0 1 488
0 1 415
0 1 219
0 1 578
0 1 186
0 1 803
0 1 624
0 1 661
0 1 904
0 1 121
0 1 569
0 1 5
0 1 428
1921 6 9
2 5 976
1 2 585
0 2 974
3 4 377
1 4 232
1 3 207
1 2 214
1 5 115
2 5 442
1054 3 19
2 3 585
0 1 874
0 2 190
0 1 431
1 2 433
0 3 424
0 3 182
2 3 233
0 2 741
0 1 949
1 3 153
0 1 474
0 1 563
0 2 537
2 3 831
2 3 731
0 2 743
0 3 639
1 3 69
3720 2 21
0 1 713
0 2 248
0 1 381
1 2 651
0 2 651
0 2 409
0 2 998
0 1 605
0 1 369
0 2 199
0 1 607
1 2 45
0 1 563
0 2 476
1 2 420
0 2 225
0 2 721
0 2 269
1 2 819
1 2 736
1 2 324
4243 1 14
0 1 809
0 1 602
0 1 841
0 1 635
0 1 457
0 1 187
0 1 349
0 1 545
0 1 498
0 1 595
0 1 580
0 1 739
0 1 388
0 1 51
4926 1 1
0 1 474
4723 7 3
1 2 902
4 6 601
3 5 816
4029 3 15
1 2 317
0 2 154
0 2 953
2 3 82
1 2 219
1 3 409
1 2 144
1 2 465
0 2 85
0 3 57
2 3 272
0 2 765
0 1 879
1 3 22
1 2 997
4471 1 12
0 1 572
0 1 985
0 1 25
0 1 425
0 1 135
0 1 61
0 1 334
0 1 470
0 1 955
0 1 818
0 1 484
0 1 457
287 3 15
0 3 638
2 3 376
1 3 397
0 1 97
1 2 341
0 1 231
0 2 516
1 2 125
0 1 710
1 3 741
1 3 97
1 3 295
0 2 130
0 2 844
0 3 812
505 2 4
0 2 890
0 1 39
0 1 782
0 1 134
2112 5 18
2 4 593
0 1 5
2 3 850
0 4 466
4 5 659
0 3 156
2 5 358
0 2 281
1 5 641
2 3 253
0 1 895
0 1 556
2 4 293
0 4 790
3 5 405
2 5 918
2 5 906
2 4 153
1826 3 5
0 2 20
0 3 352
1 2 964
0 1 48
1 2 43
482 4 6
2 4 778
0 4 797
0 4 60
2 3 863
0 3 750
1 2 764
3676 7 2
4 6 213
2 5 25
4009 3 7
0 2 129
0 1 299
2 3 144
0 1 298
1 3 762
0 3 273
1 3 93
163 3 13
1 3 348
0 3 360
1 3 560
0 2 974
1 2 403
0 3 701
0 2 464
2 3 152
0 3 963
2 3 184
0 2 819
1 2 930
1 2 1000
1518 3 2
0 1 372
1 3 622
4260 6 21
2 4 823
3 4 20
2 4 296
5 6 461
1 2 720
0 6 509
3 5 515
0 2 400
3 6 19
2 4 329
2 3 984
1 3 25
3 4 383
4 5 747
2 6 265
2 3 379
2 3 575
0 6 313
0 4 278
1 4 408
0 4 659
2300 6 7
0 5 460
0 3 232
4 6 428
1 3 938
0 2 842
0 1 302
1 4 949
4841 4 21
3 4 282
0 4 946
1 4 402
1 4 775
0 2 802
1 4 98
3 4 106
1 3 807
1 4 753
2 3 154
1 2 220
1 3 232
3 4 686
0 4 141
3 4 925
3 4 254
2 3 760
0 3 131
3 4 861
1 4 736
0 3 783
1683 7 21
3 5 131
0 2 747
1 6 186
1 7 533
4 6 807
1 5 874
2 3 556
4 7 763
3 5 729
2 6 805
4 7 139
0 6 147
6 7 621
1 4 349
2 3 238
2 3 729
0 6 347
2 7 48
4 5 708
0 6 632
5 6 238
2821 3 1
1 3 930
3946 5 20
3 5 676
0 5 775
0 5 774
0 3 322
0 5 280
3 4 561
0 4 189
1 3 766
2 4 199
3 4 431
0 5 114
2 5 762
2 4 389
2 5 277
0 5 701
0 2 539
1 3 372
0 2 763
0 3 783
0 3 671
3363 1 14
0 1 814
0 1 189
0 1 733
0 1 357
0 1 726
0 1 999
0 1 370
0 1 789
0 1 557
0 1 939
0 1 134
0 1 253
0 1 531
0 1 245
4933 1 19
0 1 252
0 1 190
0 1 474
0 1 247
0 1 260
0 1 734
0 1 229
0 1 156
0 1 779
0 1 462
0 1 323
0 1 63
0 1 219
0 1 749
0 1 339
0 1 482
0 1 585
0 1 230
0 1 693
128 4 2
0 2 268
1 3 482
3304 6 12
0 3 992
0 5 318
2 6 700
1 3 100
2 6 961
1 6 391
1 4 911
3 6 958
3 4 358
2 5 201
4 5 722
1 5 526
4522 3 15
0 3 563
0 3 78
1 3 515
0 3 319
0 2 957
1 3 40
1 2 117
2 3 467
0 3 103
1 2 729
0 3 479
1 3 88
0 2 897
0 2 944
0 2 290
3611 5 5
2 5 303
1 3 371
0 3 42
0 3 762
1 2 724
3432 4 7
0 4 515
2 3 159
1 3 516
0 4 760
3 4 689
3 4 119
3 4 373
3500 5 15
0 3 641
1 5 175
0 2 103
4 5 556
0 3 64
2 4 788
1 4 27
1 4 960
3 4 159
1 3 908
0 5 555
3 5 452
3 5 198
1 4 357
2 3 513
2753 6 9
1 5 366
4 6 937
0 2 887
0 1 399
3 5 755
2 3 657
1 6 998
1 5 404
2 4 861
3385 7 7
1 5 190
1 7 339
2 3 387
0 6 390
4 7 426
0 4 666
2 6 268
2051 7 0
4678 6 4
0 3 906
5 6 718
0 2 11
0 1 11
4094 5 4
1 5 661
1 5 326
1 3 214
1 5 427
2911 2 14
1 2 211
0 1 715
1 2 221
1 2 592
0 2 354
0 1 860
0 1 670
1 2 660
0 2 727
1 2 867
0 1 160
1 2 931
0 2 59
0 1 591
1747 4 14
0 1 473
1 4 338
1 3 765
2 3 747
0 4 805
0 1 656
2 3 689
1 4 789
2 3 478
1 4 520
0 3 94
0 4 362
0 4 67
3 4 600
1723 5 13
0 1 508
3 5 281
1 2 886
2 4 667
0 1 389
0 4 439
0 5 360
3 4 456
0 2 600
0 2 799
1 3 711
0 3 949
0 1 615
623 4 0
4966 3 0
3022 7 22
4 7 960
5 6 373
5 7 578
3 5 397
0 3 249
4 7 559
6 7 871
5 7 988
4 6 274
1 3 896
2 4 736
0 4 422
2 3 271
0 3 494
0 1 185
1 2 292
4 7 71
0 2 802
3 5 345
4 5 901
1 7 824
2 4 606
3821 6 7
2 3 437
5 6 318
3 6 683
2 3 889
3 6 970
3 4 187
5 6 260
4216 7 16
2 5 163
0 1 995
0 1 235
0 6 557
4 6 24
3 7 262
0 1 723
3 5 779
3 4 422
1 4 524
4 6 627
1 4 298
3 6 975
3 6 246
0 2 649
3 5 449
670 4 20
1 4 587
1 4 660
1 4 421
1 4 906
1 4 571
2 4 223
1 2 814
1 4 227
1 4 855
0 4 592
2 4 173
3 4 742
0 1 776
1 3 267
1 4 680
1 2 966
0 4 468
2 3 387
1 2 6
0 3 831
817 7 7
0 6 513
6 7 233
0 6 700
1 4 255
1 2 424
0 3 193
1 3 944
1763 4 2
1 3 69
0 2 903
1598 6 4
4 6 396
3 4 314
2 6 501
0 3 492
3785 2 1
1 2 529
2363 3 5
0 2 787
1 3 97
0 3 597
0 2 705
2 3 597
3340 1 20
0 1 713
0 1 71
0 1 266
0 1 785
0 1 215
0 1 273
0 1 411
0 1 126
0 1 640
0 1 514
0 1 434
0 1 111
0 1 263
0 1 259
0 1 940
0 1 505
0 1 186
0 1 126
0 1 533
0 1 246
3712 4 22
0 4 718
3 4 332
0 1 949
1 2 212
0 4 706
0 1 242
0 4 510
1 2 275
1 4 74
0 4 599
1 4 420
3 4 209
0 1 985
1 2 773
1 3 84
1 4 392
1 3 717
1 3 721
1 3 860
3 4 248
1 2 851
1 3 682
4303 2 17
1 2 724
0 1 341
0 1 747
0 1 412
0 2 139
1 2 862
1 2 649
1 2 943
0 1 612
1 2 410
0 2 766
0 2 245
0 1 975
0 2 732
1 2 543
1 2 363
1 2 517
434 1 13
0 1 80
0 1 21
0 1 174
0 1 535
0 1 747
0 1 720
0 1 908
0 1 174
0 1 848
0 1 386
0 1 706
0 1 462
0 1 52
20 5 7
3 5 695
3 5 675
0 4 153
1 5 890
0 5 946
0 5 979
2 5 396
3201 4 18
3 4 230
0 3 133
1 2 94
0 3 832
1 3 745
0 3 140
0 1 759
1 3 783
1 3 952
0 4 367
0 4 944
1 2 8
1 3 580
1 3 558
1 2 238
2 4 111
1 3 691
1 2 924
1286 5 14
0 3 753
0 3 112
3 5 50
0 1 945
0 3 170
1 4 474
0 2 763
1 5 310
0 1 657
3 5 706
2 5 718
4 5 679
3 4 624
2 4 763
1566 6 20
2 5 392
2 4 807
3 4 721
1 6 162
5 6 608
1 2 217
0 6 325
0 3 68
1 4 614
3 6 132
1 3 711
3 6 788
0 5 329
3 4 316
4 6 171
3 5 206
3 4 403
3 5 465
4 5 561
0 4 590
76 3 19
0 1 533
1 2 170
0 3 173
1 2 450
0 2 371
1 2 866
0 1 48
0 2 967
0 2 598
1 2 9
0 1 159
0 1 590
1 2 573
0 3 826
1 2 731
1 3 777
1 2 969
0 2 758
0 3 523
3660 1 13
0 1 825
0 1 637
0 1 394
0 1 577
0 1 323
0 1 793
0 1 990
0 1 662
0 1 926
0 1 449
0 1 710
0 1 861
0 1 182
3962 5 0
3509 7 10
0 5 675
2 3 686
3 7 566
5 7 5
0 4 10
6 7 216
3 7 5
4 5 597
5 7 127
6 7 957
4062 5 14
0 2 784
2 5 978
0 3 82
4 5 849
0 5 515
3 4 128
2 5 116
4 5 157
1 3 147
0 4 136
0 5 293
4 5 854
0 3 361
0 1 909
599 1 3
0 1 346
0 1 567
0 1 315
231 3 7
2 3 15
1 2 918
2 3 58
0 2 261
0 1 828
1 3 432
0 1 612
4276 7 3
1 3 560
3 6 8
2 6 300
1336 2 8
1 2 259
0 2 540
0 1 433
1 2 344
1 2 390
1 2 192
1 2 69
1 2 131
2672 7 20
0 3 777
0 1 650
0 3 104
2 6 638
1 6 841
2 3 790
2 4 439
1 6 871
0 7 419
2 3 4
1 6 830
0 1 972
2 3 123
0 5 976
1 2 806
2 3 795
3 5 349
4 5 970
0 2 807
2 4 612
640 7 19
1 2 71
1 5 295
1 7 97
1 6 407
1 7 146
0 2 661
0 2 394
0 3 180
0 1 593
0 2 108
5 6 624
1 2 393
1 5 668
0 2 449
2 6 986
2 7 579
2 6 693
2 7 197
2 5 822
654 7 3
4 7 955
3 4 391
0 1 61
2748 7 13
5 6 701
2 5 7
1 2 6
2 3 400
1 4 388
3 6 415
1 6 404
1 2 469
3 7 475
4 6 707
1 7 511
3 7 407
4 7 405
4909 2 7
1 2 387
0 2 281
0 1 771
1 2 699
1 2 106
0 1 60
1 2 549
4233 4 5
1 3 315
1 2 508
3 4 671
1 3 31
1 4 830
4167 3 16
0 3 677
1 2 205
1 2 88
1 2 940
0 2 181
0 2 438
0 2 91
0 2 197
1 3 174
1 3 500
2 3 106
0 3 478
0 3 86
2 3 996
1 2 586
2 3 402
2786 1 2
0 1 227
0 1 286
3303 6 6
1 3 642
2 3 167
1 2 965
1 3 272
2 3 285
3 6 705
122 4 12
1 2 375
0 4 408
1 2 743
1 2 724
0 2 787
2 3 393
1 4 903
0 3 593
0 2 590
1 3 175
2 3 336
0 2 276
975 2 17
1 2 119
0 1 63
1 2 712
0 2 238
1 2 30
0 1 630
0 2 293
1 2 253
1 2 742
1 2 287
1 2 271
0 2 759
0 1 725
1 2 374
1 2 546
1 2 45
0 2 343
185 5 11
1 2 118
0 3 560
0 5 179
3 5 317
2 5 860
0 2 824
1 4 136
0 3 554
3 4 766
2 3 928
3 5 430
2683 4 13
3 4 199
1 3 172
0 4 151
0 3 59
0 2 73
0 1 473
1 4 789
1 3 29
2 3 928
3 4 180
1 2 392
0 1 269
0 1 6
4866 1 10
0 1 414
0 1 454
0 1 716
0 1 73
0 1 431
0 1 955
0 1 347
0 1 799
0 1 214
0 1 434
4742 7 9
0 1 291
3 5 516
5 6 910
1 5 56
3 7 642
3 6 250
3 6 489
0 5 734
3 5 129
2391 1 3
0 1 779
0 1 235
0 1 66
4914 2 0
2890 7 5
2 6 162
1 4 15
5 7 470
5 7 120
5 6 50
2689 3 15
1 3 204
0 1 56
2 3 974
1 3 119
0 2 441
1 3 222
0 2 539
0 2 706
2 3 955
1 2 441
1 3 562
0 2 506
1 3 13
1 2 364
1 2 597
2420 5 3
2 5 325
4 5 204
4 5 649
3327 4 21
1 3 478
3 4 302
1 2 709
1 3 433
0 4 485
3 4 89
2 4 562
2 3 634
2 4 123
1 4 380
1 2 93
1 4 535
0 2 704
1 2 874
2 4 309
0 4 684
0 4 334
0 4 389
0 2 736
0 2 509
0 1 257
2343 7 3
4 5 185
1 4 193
2 3 6
3780 3 12
0 2 184
1 2 605
0 3 38
0 2 819
1 2 512
0 1 582
0 2 820
1 3 901
0 1 39
2 3 132
0 3 727
0 3 36
1642 4 18
1 2 316
0 1 652
1 3 571
0 2 944
0 1 708
1 2 651
3 4 495
0 4 3
0 1 255
0 4 170
0 1 33
2 3 720
2 3 989
0 4 49
1 4 464
1 3 31
0 2 647
2 3 904
2340 3 19
1 3 627
0 2 252
1 2 10
0 1 443
2 3 999
0 3 57
1 3 670
1 2 719
0 2 99
0 3 89
2 3 645
2 3 871
2 3 931
1 3 89
1 3 789
0 1 689
0 2 655
1 2 5
0 2 822
1356 1 3
0 1 683
0 1 986
0 1 661
815 4 5
1 3 925
1 4 379
1 4 716
3 4 427
1 3 644
1916 3 9
2 3 636
1 3 1
1 2 654
1 2 197
0 2 836
1 2 872
2 3 381
2 3 359
0 1 624
500 4 16
1 2 984
1 2 698
3 4 309
0 4 131
1 2 913
2 4 595
0 4 983
0 1 93
2 4 746
1 2 242
0 2 43
1 4 897
0 2 750
3 4 664
1 4 191
0 3 5
4393 5 17
1 3 868
3 5 623
2 5 550
2 4 688
2 5 281
2 5 532
0 1 787
0 1 559
0 1 855
0 2 117
1 2 443
0 3 969
1 5 323
0 2 768
2 5 321
0 5 806
1 4 72
2857 5 2
2 3 527
1 4 898
4465 1 4
0 1 872
0 1 126
0 1 475
0 1 412
4233 1 0
2370 2 10
1 2 516
0 2 960
0 1 122
0 1 956
0 1 172
1 2 280
0 1 249
1 2 322
0 2 588
1 2 376
449 6 21
0 4 639
0 2 919
0 2 102
4 6 344
4 6 397
4 6 395
5 6 560
1 3 49
0 3 662
3 4 131
0 1 877
3 4 613
1 6 72
1 5 631
2 6 804
2 4 378
5 6 990
2 4 631
4 6 401
5 6 738
1 6 616
368 5 5
1 5 940
1 5 567
2 4 223
0 1 885
3 5 638
3194 1 21
0 1 36
0 1 125
0 1 401
0 1 869
0 1 705
0 1 517
0 1 929
0 1 262
0 1 672
0 1 173
0 1 610
0 1 678
0 1 653
0 1 590
0 1 602
0 1 233
0 1 523
0 1 406
0 1 183
0 1 927
0 1 532
1053 4 12
2 4 697
1 3 840
3 4 49
3 4 295
0 1 116
0 3 281
1 3 177
0 4 270
2 4 66
1 2 259
0 4 336
0 1 350
552 7 2
3 4 897
0 1 145
3200 1 2
0 1 960
0 1 252
472 7 4
4 5 733
1 5 410
5 7 964
1 5 590
2115 7 15
4 7 413
4 5 315
1 5 897
1 7 72
2 4 789
1 6 898
1 2 227
3 6 398
3 6 99
3 5 841
1 3 292
3 7 433
1 5 203
1 7 880
3 6 317
1305 2 13
1 2 162
0 1 293
0 2 357
1 2 995
0 1 550
0 1 242
0 1 889
0 2 84
0 2 325
0 2 329
1 2 226
1 2 550
0 1 773
490 7 4
3 4 486
0 2 174
0 5 147
3 4 449
3756 4 17
1 4 600
0 3 294
1 2 12
0 4 698
1 4 563
3 4 425
1 4 693
2 3 8
2 4 357
0 4 647
0 2 493
3 4 160
0 3 480
3 4 715
0 4 102
1 2 438
0 2 190
1255 2 21
1 2 897
1 2 417
0 1 882
0 1 501
0 1 151
0 2 985
0 1 314
0 2 856
0 1 406
0 1 939
0 1 572
0 2 237
0 2 644
1 2 759
0 1 498
0 2 977
0 2 572
1 2 727
0 2 101
0 2 515
1 2 964
1853 7 6
2 6 353
4 7 598
2 3 368
0 1 226
2 5 286
0 2 386
3549 2 0
656 2 1
1 2 429
2429 7 13
2 7 32
1 2 163
2 4 740
0 4 636
2 5 281
3 7 836
1 3 919
0 3 238
2 5 434
2 5 367
5 7 992
0 3 501
1 5 663
4272 7 7
2 4 945
3 5 404
1 2 554
4 7 252
1 5 524
4 5 808
2 4 782
3333 5 19
2 4 379
0 2 758
0 5 439
3 5 718
4 5 72
4 5 149
0 3 327
2 3 329
1 2 184
0 5 723
0 4 707
2 3 864
2 4 21
1 2 466
2 3 993
2 5 699
2 3 262
3 4 323
0 2 195
3869 7 22
3 5 307
2 7 367
4 6 822
2 4 338
0 6 206
1 4 771
4 6 489
2 7 459
0 4 345
1 7 611
2 7 564
3 4 1
2 6 320
2 3 587
5 6 137
0 1 437
5 7 845
0 6 760
6 7 127
2 6 92
3 7 528
5 7 103
2398 2 11
1 2 25
0 1 953
0 2 687
1 2 164
0 1 44
0 2 31
0 2 396
1 2 434
0 2 461
0 1 885
1 2 929
932 2 2
1 2 274
0 2 717
3296 7 9
0 1 332
1 6 526
2 6 210
5 7 759
2 3 54
2 5 214
5 7 824
1 5 315
1 7 180
1865 3 12
0 3 176
1 3 727
0 2 940
2 3 947
2 3 852
1 3 44
0 3 269
2 3 61
1 2 810
2 3 36
0 2 352
0 3 21
2908 5 20
4 5 853
2 4 62
1 4 89
2 3 546
0 3 867
1 2 577
0 1 730
2 4 6
0 3 535
0 3 364
2 5 894
1 4 734
1 4 961
4 5 119
0 1 759
3 4 478
1 4 986
0 5 655
2 5 458
0 3 564
476 3 10
1 3 721
0 1 397
2 3 261
2 3 713
1 2 623
0 1 362
1 2 10
1 3 355
2 3 563
0 2 338
4565 4 22
2 3 582
0 2 994
2 4 220
0 2 499
2 4 506
2 3 8
2 4 96
0 3 151
0 4 895
0 1 119
2 3 39
1 3 26
0 1 336
0 1 310
0 1 918
1 3 426
1 3 252
2 4 438
0 4 429
0 3 775
1 4 162
1 3 31
1615 3 5
2 3 567
2 3 227
0 2 190
0 1 439
0 3 143
2887 4 5
0 4 315
1 4 912
1 2 740
2 4 571
1 2 9
2988 6 21
2 6 227
3 5 520
0 3 77
0 3 906
0 1 710
2 4 43
0 3 82
3 6 497
1 2 711
2 6 211
1 2 616
0 3 736
2 3 23
1 2 257
3 5 717
2 4 4
3 5 738
1 6 140
0 4 585
0 4 559
0 4 976
4619 3 14
0 2 38
0 2 779
1 2 478
2 3 800
0 1 886
0 1 263
2 3 514
0 1 991
0 2 398
1 2 132
1 2 331
1 3 244
1 3 437
0 2 851
4983 2 10
1 2 631
1 2 943
0 1 143
0 1 568
0 1 857
0 2 768
0 2 90
0 1 495
0 1 574
0 2 703
3093 2 22
0 2 835
1 2 820
1 2 211
1 2 983
1 2 688
0 2 982
0 2 705
0 1 850
0 2 732
1 2 804
0 1 851
0 2 744
1 2 200
0 1 951
0 1 405
0 2 255
0 2 951
0 2 893
1 2 60
1 2 258
0 1 445
0 2 773
1966 2 20
1 2 659
0 2 725
1 2 112
1 2 264
0 1 284
0 1 886
0 1 135
0 1 649
1 2 113
0 1 850
0 2 258
1 2 119
1 2 767
0 2 496
0 2 135
0 2 361
1 2 951
0 1 69
0 1 448
1 2 231
4432 6 3
4 6 538
2 4 152
4 5 187
678 2 2
0 1 69
0 1 960
3386 6 11
3 6 485
2 6 545
1 6 331
2 6 239
2 6 432
3 6 280
2 6 199
1 5 401
2 5 548
0 6 255
0 6 31
3501 1 7
0 1 213
0 1 633
0 1 907
0 1 641
0 1 301
0 1 812
0 1 624
4909 6 8
1 2 619
0 4 525
0 5 224
1 2 202
1 2 917
0 1 822
0 2 684
3 4 455
896 4 18
0 2 163
0 2 119
3 4 67
1 3 668
2 4 852
0 1 296
0 3 900
1 3 432
1 4 789
1 3 207
0 2 235
0 2 610
2 3 928
3 4 493
1 4 924
1 3 282
3 4 163
2 4 865
3958 2 20
0 2 247
0 1 336
0 2 652
0 2 243
0 1 387
0 1 31
0 2 663
0 1 948
0 1 620
0 2 80
0 1 125
1 2 123
0 2 889
0 2 826
0 2 349
0 2 187
0 2 265
0 2 148
1 2 503
0 1 288
3378 7 9
6 7 495
2 3 522
1 6 325
4 7 733
5 6 294
2 7 555
4 7 594
3 5 528
3 4 374
2711 4 15
0 2 487
0 1 462
0 4 846
2 4 793
0 3 733
1 4 195
1 2 153
0 1 919
0 1 760
2 4 334
2 3 400
1 4 349
0 3 400
1 4 511
0 3 963
2947 7 4
2 3 519
0 5 918
1 4 184
2 3 301
1048 4 3
3 4 227
0 3 981
0 3 478
1500 7 8
1 4 576
3 7 277
2 6 615
0 1 106
0 6 606
4 6 916
0 5 464
1 5 209
3118 5 14
2 5 801
2 5 868
2 5 683
1 5 729
0 3 666
3 5 404
3 4 447
3 4 735
0 2 918
0 2 86
3 5 48
0 3 641
2 5 195
2 4 877
3584 5 9
1 3 422
1 5 211
3 4 177
1 5 730
0 4 544
2 5 645
1 3 467
0 3 201
0 2 841
4290 6 19
1 4 824
5 6 741
3 5 133
2 6 55
2 3 231
3 5 54
1 4 773
3 6 241
1 4 228
4 6 56
0 3 462
2 3 66
0 4 167
1 5 224
3 6 875
2 3 103
4 6 388
5 6 601
1 4 934
683 3 2
0 3 451
2 3 942
2385 3 3
1 2 409
0 3 753
1 3 857
705 2 22
0 1 487
0 1 863
0 2 905
0 2 233
0 2 702
1 2 562
0 1 157
0 2 987
0 2 121
1 2 94
0 2 710
1 2 779
0 2 440
0 2 347
1 2 590
0 2 597
1 2 561
0 2 229
0 2 211
0 1 468
1 2 815
0 2 700
3496 6 2
1 2 898
0 4 673
2773 2 7
0 1 125
1 2 955
0 1 735
0 1 291
0 1 158
1 2 585
0 2 924
1979 1 19
0 1 183
0 1 395
0 1 418
0 1 105
0 1 909
0 1 147
0 1 556
0 1 490
0 1 391
0 1 479
0 1 465
0 1 889
0 1 744
0 1 778
0 1 296
0 1 806
0 1 816
0 1 713
0 1 401
1897 6 20
2 5 258
1 6 621
1 4 512
0 4 648
1 2 110
1 2 617
1 4 406
3 4 191
2 5 900
5 6 12
5 6 474
1 3 619
3 4 638
0 1 826
4 5 325
3 4 268
1 6 433
4 5 626
1 3 709
0 6 781
4891 1 2
0 1 556
0 1 517
4865 7 19
1 2 21
2 7 400
4 7 118
5 7 557
1 6 524
0 6 229
0 7 825
1 6 457
4 5 856
0 4 325
5 7 490
4 5 691
0 1 424
1 3 504
3 4 87
1 3 671
0 5 319
3 7 202
2 5 282
642 5 21
0 4 301
4 5 395
2 3 906
2 5 888
0 5 432
0 1 71
2 3 440
4 5 493
1 2 545
0 2 397
1 3 661
0 4 257
0 5 327
2 5 426
0 5 750
0 4 222
3 5 69
0 1 742
2 5 265
0 5 252
1 5 25
908 4 5
2 3 872
0 1 108
3 4 785
2 4 929
2 3 500
890 3 14
2 3 732
0 2 35
0 3 963
0 3 479
0 3 370
2 3 539
0 1 800
1 3 584
0 1 316
1 2 637
0 2 559
0 1 860
0 2 875
1 3 607
979 7 0
339 2 15
1 2 632
1 2 864
0 1 281
0 1 291
1 2 14
1 2 463
0 2 820
1 2 247
0 2 402
0 1 174
0 2 664
0 1 790
0 2 845
0 1 825
1 2 222
4566 2 1
1 2 309
2936 5 17
0 4 265
1 2 947
1 2 123
2 5 743
1 3 364
0 4 885
2 3 843
0 1 107
1 2 405
1 2 879
1 5 621
0 5 280
1 5 94
2 5 450
1 5 909
2 5 665
0 1 950
2180 2 15
1 2 643
0 1 562
0 1 179
1 2 502
1 2 743
0 1 915
0 2 631
0 1 656
0 1 263
1 2 924
1 2 726
0 2 698
1 2 561
1 2 818
0 1 558
4808 2 19
0 2 933
0 1 542
1 2 494
0 1 608
0 1 478
0 2 675
0 2 278
1 2 65
0 2 681
0 1 60
0 2 187
0 2 638
0 2 746
0 2 905
0 2 547
0 1 645
0 1 246
1 2 605
1 2 83
74 1 13
0 1 690
0 1 7
0 1 610
0 1 192
0 1 633
0 1 620
0 1 62
0 1 264
0 1 498
0 1 217
0 1 579
0 1 289
0 1 480
3970 3 2
0 3 527
0 2 106
4489 1 13
0 1 447
0 1 110
0 1 165
0 1 668
0 1 622
0 1 587
0 1 827
0 1 2
0 1 131
0 1 723
0 1 633
0 1 93
0 1 236
1279 7 12
3 4 187
0 1 922
2 7 242
0 1 824
3 5 286
3 4 69
3 5 746
0 4 667
6 7 211
0 5 669
5 7 606
2 6 32
51 5 6
0 1 604
0 5 726
0 3 482
1 4 590
0 5 979
0 1 316
271 4 3
2 4 308
2 4 50
1 4 987
2157 3 1
1 3 13
4089 7 18
1 4 661
0 1 373
1 4 6
1 2 311
5 6 860
2 4 937
3 5 121
2 6 483
0 3 551
1 3 316
1 2 251
0 3 714
2 5 567
2 4 427
2 6 546
1 3 431
6 7 757
0 4 323
2878 3 22
1 2 576
0 2 355
0 2 26
0 2 883
0 1 801
0 2 581
2 3 210
1 3 220
1 2 564
0 3 510
0 1 2
1 3 846
1 2 356
0 3 834
0 3 528
0 2 184
0 2 31
2 3 109
1 2 586
2 3 346
1 2 522
0 1 824
353 1 15
0 1 524
0 1 482
0 1 248
0 1 236
0 1 373
0 1 511
0 1 570
0 1 263
0 1 970
0 1 370
0 1 313
0 1 880
0 1 599
0 1 24
0 1 939
927 4 0
2467 4 4
0 2 310
2 4 630
0 1 311
1 3 594
2559 7 21
0 6 221
2 6 705
0 4 925
3 7 349
0 5 12
1 3 227
2 3 42
3 7 806
5 6 658
3 7 861
0 6 150
5 7 977
2 5 930
2 4 128
1 4 501
2 5 383
4 6 316
3 7 338
0 3 899
1 2 361
1 4 629
3702 1 20
0 1 233
0 1 954
0 1 515
0 1 523
0 1 914
0 1 904
0 1 120
0 1 827
0 1 988
0 1 965
0 1 47
0 1 925
0 1 612
0 1 926
0 1 402
0 1 345
0 1 928
0 1 14
0 1 159
0 1 291
4292 5 19
2 3 423
0 3 171
4 5 837
0 2 999
3 5 520
3 5 50
2 3 33
2 4 861
0 3 41
4 5 348
2 5 782
1 2 704
1 4 939
0 4 935
2 4 694
2 4 737
1 3 976
1 4 576
1 2 510
1285 5 22
2 3 348
0 4 485
1 5 693
2 5 554
2 5 453
2 5 805
0 2 506
3 4 871
0 1 919
1 5 323
0 5 227
2 4 238
1 2 753
2 4 793
0 5 525
2 4 485
2 4 906
2 3 475
1 2 961
0 1 506
0 3 601
3 5 308
2375 3 17
1 2 724
0 1 356
1 3 924
0 2 313
2 3 958
1 2 929
2 3 63
1 3 873
0 3 585
2 3 908
1 3 155
2 3 75
2 3 385
0 2 799
0 3 257
0 1 512
0 3 383
1930 5 20
1 2 735
1 4 762
4 5 721
4 5 674
0 2 123
0 2 207
2 3 795
0 3 841
0 5 266
0 4 620
0 4 506
0 5 563
0 3 755
3 4 391
4 5 426
2 4 766
2 3 76
0 3 142
3 5 608
1 2 990
1237 2 4
0 1 694
0 1 285
0 1 30
1 2 564
1739 6 19
5 6 968
0 1 802
5 6 169
3 5 8
4 6 595
0 2 281
3 5 899
2 4 535
0 6 21
0 4 927
4 5 285
0 3 904
2 3 634
0 5 724
0 2 258
0 3 77
3 5 524
0 1 256
0 6 793
4355 7 17
1 3 538
4 7 961
2 5 168
2 5 623
2 6 216
1 5 969
4 6 462
4 7 464
1 6 418
0 2 598
1 3 606
0 5 955
0 6 195
1 6 368
6 7 933
1 2 572
0 1 19
2886 2 15
0 1 215
0 1 829
0 2 753
0 2 916
0 1 76
0 2 980
0 2 428
1 2 669
1 2 130
0 2 924
1 2 962
1 2 914
0 1 776
1 2 279
0 1 197
337 6 8
0 5 198
0 2 709
0 2 74
3 6 284
0 4 469
2 4 696
0 5 760
3 6 288
1910 4 4
0 1 698
2 4 627
0 3 828
1 4 455
4891 3 8
1 2 67
0 1 838
1 3 940
1 3 529
0 1 419
2 3 888
0 1 527
1 2 432
1991 7 4
0 3 120
1 7 837
4 6 339
1 3 701
1946 5 2
1 3 1
2 5 751
815 1 18
0 1 105
0 1 298
0 1 984
0 1 599
0 1 445
0 1 724
0 1 797
0 1 758
0 1 78
0 1 905
0 1 513
0 1 425
0 1 986
0 1 103
0 1 727
0 1 582
0 1 942
0 1 615
446 3 1
1 2 377
2302 1 9
0 1 860
0 1 948
0 1 591
0 1 466
0 1 251
0 1 170
0 1 745
0 1 92
0 1 221
405 6 0
58 2 3
0 2 509
0 1 330
0 2 746
1228 7 5
6 7 53
0 4 252
1 5 82
1 2 750
0 7 295
1415 5 15
3 5 420
1 3 326
1 2 368
0 4 989
0 4 848
1 3 967
0 1 15
1 3 837
2 5 400
3 4 401
0 3 1
0 3 15
2 3 95
0 2 457
0 3 926
1245 4 2
1 2 981
1 2 776
2363 5 3
2 3 714
3 4 819
0 4 42
918 6 4
0 3 255
2 6 211
0 2 878
0 3 896
1979 1 13
0 1 18
0 1 909
0 1 407
0 1 72
0 1 397
0 1 859
0 1 657
0 1 851
0 1 881
0 1 700
0 1 643
0 1 556
0 1 879
4821 2 9
0 2 76
0 2 347
1 2 826
1 2 262
0 1 755
0 2 265
1 2 610
1 2 620
1 2 881
3395 2 20
1 2 812
1 2 225
1 2 330
1 2 923
1 2 894
1 2 227
1 2 161
0 1 836
1 2 795
0 2 60
0 1 346
1 2 5
1 2 992
0 1 664
1 2 10
0 1 76
0 1 372
1 2 485
0 2 150
1 2 530
3870 5 14
1 4 851
0 1 711
3 5 977
1 5 972
1 4 194
2 3 140
0 3 898
2 4 814
1 2 910
0 3 955
3 4 157
0 2 260
0 3 751
0 5 649
3984 7 22
2 7 75
2 3 830
1 3 987
1 7 598
3 4 387
6 7 651
1 7 973
5 7 300
3 6 303
5 7 612
3 6 330
4 6 66
2 5 110
0 5 324
0 3 532
4 6 482
1 5 408
3 5 779
0 2 164
1 2 460
4 5 357
0 6 421
1005 1 2
0 1 329
0 1 507
619 3 16
1 3 825
0 1 617
0 3 863
2 3 310
0 1 391
0 1 606
0 3 39
1 3 564
0 3 609
0 2 727
0 1 62
1 2 332
1 3 162
0 3 509
0 2 718
0 1 116
4778 5 4
4 5 539
4 5 315
2 3 460
0 4 874
3811 3 3
0 2 464
1 3 664
1 2 837
503 3 1
2 3 881
152 2 19
0 1 564
0 2 880
0 1 927
0 1 205
0 2 671
0 1 915
1 2 762
0 2 779
0 1 633
0 1 974
1 2 852
0 1 882
1 2 970
0 2 822
1 2 951
0 2 519
0 2 684
1 2 353
0 1 161
3230 4 5
1 4 416
0 2 132
1 2 689
0 1 576
1 4 281
1346 5 9
0 1 680
2 5 169
3 5 895
3 4 176
3 5 361
1 5 454
0 4 554
1 2 523
0 1 35
10 1 1
0 1 799
1844 5 20
0 1 272
0 1 988
0 4 249
3 4 61
1 3 113
4 5 189
4 5 331
3 4 955
1 3 294
0 5 889
1 5 377
1 4 740
2 3 987
1 3 113
4 5 972
3 4 476
4 5 582
0 4 390
2 3 961
0 4 197
1114 2 9
1 2 709
1 2 381
0 1 844
1 2 653
0 2 462
0 2 633
0 1 473
0 1 691
0 1 236
3335 6 13
0 1 387
0 4 604
1 2 223
3 5 850
1 2 346
4 6 122
2 5 83
2 6 793
2 5 957
1 5 881
1 2 269
0 3 792
1 2 584
3521 4 4
0 1 544
1 2 686
2 3 379
0 4 856
2176 2 12
1 2 230
0 2 835
0 2 886
0 1 784
0 2 497
0 1 296
0 1 208
0 1 396
1 2 521
0 2 359
1 2 186
0 2 203
1923 4 19
1 4 152
1 4 332
0 1 545
0 1 82
3 4 100
0 1 489
0 1 781
0 2 325
1 3 758
1 4 729
2 3 675
1 3 145
1 2 119
1 2 735
0 1 560
0 2 985
1 2 727
1 3 593
0 1 747
2914 6 6
2 3 425
1 2 831
0 5 769
0 4 103
0 4 355
2 6 98
4523 3 22
0 3 90
2 3 883
0 2 851
2 3 997
0 2 439
2 3 55
0 1 115
0 1 334
1 2 971
1 2 501
0 2 36
0 3 380
2 3 221
0 1 687
1 2 65
2 3 69
0 2 751
0 2 397
0 1 776
0 1 879
0 2 879
0 3 710
1417 1 4
0 1 989
0 1 256
0 1 790
0 1 431
3770 7 21
2 5 816
1 7 777
2 5 106
4 6 566
1 6 277
2 3 493
4 5 360
1 3 294
2 3 940
4 5 165
0 3 940
6 7 218
3 6 992
3 7 979
0 5 957
3 5 915
2 6 638
3 7 564
0 4 458
4 5 406
1 4 268
1922 3 17
0 1 66
2 3 22
1 3 585
1 3 394
0 1 486
1 2 605
0 3 471
1 3 834
1 3 451
0 3 618
0 2 548
0 3 937
0 1 838
1 3 671
2 3 968
0 2 973
0 3 618
2899 1 0
388 1 14
0 1 798
0 1 454
0 1 356
0 1 178
0 1 591
0 1 915
0 1 757
0 1 386
0 1 522
0 1 550
0 1 816
0 1 650
0 1 102
0 1 722
1526 5 17
2 4 200
1 3 499
1 2 177
2 4 80
2 5 145
2 4 974
0 1 583
0 4 463
2 3 751
0 2 60
3 4 781
4 5 163
0 5 697
2 5 386
0 2 426
0 1 540
1 5 994
3237 3 17
2 3 111
1 3 207
0 3 63
0 2 759
0 1 694
0 3 806
1 3 813
0 2 786
0 1 862
0 3 660
0 3 933
1 2 745
1 3 861
1 2 1000
1 3 608
1 3 871
1 3 609
4696 7 13
5 6 733
5 7 947
1 4 374
0 5 62
1 3 802
1 6 168
0 6 806
1 2 876
3 5 974
1 7 839
2 3 507
0 7 128
1 5 247
2007 1 6
0 1 807
0 1 828
0 1 850
0 1 923
0 1 717
0 1 976
4573 2 3
1 2 460
0 1 590
0 1 236
1500 6 17
1 3 401
1 6 553
2 3 269
5 6 625
1 6 253
1 5 371
4 5 379
3 4 227
0 3 280
1 3 664
2 4 772
1 2 734
0 2 448
0 3 646
1 5 702
0 5 549
1 6 653
2493 2 20
1 2 634
0 2 433
0 1 327
0 2 604
0 1 177
1 2 967
0 2 83
1 2 750
0 2 802
1 2 893
0 2 111
0 2 183
0 1 203
0 2 942
0 2 969
0 2 668
0 1 912
0 2 366
1 2 505
0 2 875
700 7 15
1 2 828
1 3 10
0 6 72
2 3 946
5 7 186
1 7 955
1 4 101
3 6 752
0 4 451
3 4 115
4 7 896
0 2 909
3 5 980
3 4 553
2 5 921
1563 5 13
0 4 233
0 1 983
0 2 267
1 2 277
3 4 583
3 4 697
0 4 593
0 5 260
1 5 340
4 5 449
0 3 250
3 5 928
3 4 386
481 1 15
0 1 412
0 1 24
0 1 742
0 1 763
0 1 93
0 1 431
0 1 823
0 1 926
0 1 687
0 1 958
0 1 255
0 1 104
0 1 897
0 1 656
0 1 577
2657 7 22
0 6 875
0 1 148
1 3 804
5 7 31
1 2 356
5 6 847
4 6 566
6 7 416
2 7 152
0 1 977
6 7 635
1 6 794
0 1 649
2 6 228
2 4 172
0 5 922
2 7 490
3 7 657
1 4 148
2 4 463
1 3 277
1 3 544
419 4 6
2 4 658
0 2 383
0 2 699
0 2 868
1 4 292
0 4 864
4447 7 19
4 5 578
0 6 288
2 4 460
1 2 451
1 5 659
0 3 834
2 7 13
1 6 614
1 4 494
2 7 488
4 6 569
2 3 144
1 7 86
0 1 692
3 6 599
0 2 295
1 4 64
2 7 455
3 6 105
3062 5 6
1 2 124
1 2 919
3 4 252
0 5 545
4 5 999
0 1 942
1493 5 0
482 3 13
2 3 435
0 1 996
0 2 427
0 1 608
2 3 629
0 2 332
2 3 635
0 2 139
0 1 834
0 3 238
2 3 788
0 3 948
2 3 737
700 2 5
0 2 556
0 2 776
0 2 286
0 2 768
1 2 738
772 7 10
3 7 576
4 5 767
1 3 264
1 5 450
4 7 920
1 2 693
2 5 961
4 6 691
0 2 459
3 7 644
4009 7 10
1 5 613
4 6 421
1 2 210
3 6 533
1 2 208
2 7 311
2 7 732
3 4 696
3 5 454
5 7 16
3730 2 0
3468 1 21
0 1 894
0 1 360
0 1 970
0 1 727
0 1 460
0 1 174
0 1 448
0 1 96
0 1 640
0 1 174
0 1 699
0 1 110
0 1 432
0 1 224
0 1 241
0 1 449
0 1 17
0 1 650
0 1 370
0 1 936
0 1 82
898 5 12
1 3 970
1 2 948
1 2 557
1 5 496
1 2 833
1 5 631
1 3 70
0 5 674
4 5 868
1 4 156
0 2 572
0 4 270
3066 6 5
3 5 468
1 2 141
0 5 701
2 4 859
0 3 670
4423 2 19
0 1 629
0 1 18
1 2 978
0 2 707
0 2 11
0 1 340
0 1 646
0 1 289
1 2 70
1 2 432
1 2 129
0 2 590
1 2 819
0 1 655
0 1 607
0 1 928
0 1 379
1 2 731
0 1 757
520 1 22
0 1 479
0 1 730
0 1 520
0 1 846
0 1 782
0 1 451
0 1 884
0 1 947
0 1 439
0 1 771
0 1 157
0 1 12
0 1 648
0 1 177
0 1 194
0 1 843
0 1 393
0 1 98
0 1 189
0 1 110
0 1 393
0 1 425
66 1 20
0 1 339
0 1 841
0 1 832
0 1 779
0 1 390
0 1 599
0 1 985
0 1 109
0 1 656
0 1 35
0 1 204
0 1 27
0 1 255
0 1 386
0 1 972
0 1 14
0 1 452
0 1 930
0 1 135
0 1 410
