3563
7518
6631
2903
17129
3934
0
4775
4498
0
1589
2771
0
17358
6984
43
1981
953
1768
6173
3821
3307
9429
114
16340
997
10604
6266
2779
10796
5610
8589
9990
8702
0
2246
5472
9413
47
18900
17040
568
8698
2199
0
14535
397
3607
38
54
8621
6196
14113
12342
0
13416
11210
5205
6447
2463
0
2175
15038
1020
6289
2363
0
8348
8970
0
7463
620
8500
17331
1779
2910
3842
4032
4921
6997
576
10621
3671
23692
13216
12872
5766
7450
4389
1658
16584
8301
3738
8429
2131
3404
2978
107
3829
136
0
54
1610
14486
498
13475
835
3365
596
0
14701
4783
6236
9205
10779
3309
6965
12905
2306
0
0
8673
1322
732
3647
7413
1296
5536
12614
2403
18109
7785
8441
2113
689
227
5386
1929
13466
0
62
3823
6851
0
5475
5218
18515
3212
3500
8786
1392
0
1813
11969
1885
185
5754
2100
826
16574
10228
3452
5663
647
808
3077
8944
4005
26600
957
11238
1778
10583
9171
16163
655
8368
15121
12115
351
8118
9628
7085
3702
1064
2920
5395
11684
6781
5354
699
1821
3777
13534
3932
1780
6100
1254
8331
3411
3577
5135
3179
452
10800
895
2010
954
5015
130
5716
10037
1766
1546
2920
18548
9895
5539
3170
8930
398
2593
13185
62
1312
5878
8277
8152
5767
565
9939
14122
19654
736
1594
2544
8115
1854
2966
6350
11599
6018
13996
1705
8038
3101
7440
4243
474
3736
7742
4471
551
173
9505
2151
240
501
3528
152
1616
17832
7989
17255
10575
1860
19339
3363
4933
0
15543
10945
4787
7472
12987
13839
10535
0
3469
6084
5812
6772
6893
0
0
19113
7050
17528
2374
4433
1944
4586
529
5566
3340
14543
8543
428
0
11114
5581
8534
57
3660
0
8419
13954
567
73
2344
2308
15280
4080
452
13134
3134
4361
9622
513
5360
0
1943
895
6143
4837
11170
1080
0
1923
7247
1828
12765
770
8604
5928
6952
1344
2148
4743
1318
19275
3221
1885
0
4511
1860
446
3194
3863
145
1212
1640
11305
2576
1083
13429
2496
5430
0
429
13747
8476
15834
21400
4473
1434
10004
5114
13547
1117
16048
2042
5887
15168
9889
7333
6185
3930
1567
69
13119
3498
7603
3514
7914
11122
10484
5962
3170
7310
13673
12115
17205
1353
4382
1404
3590
4697
1979
10794
1073
25126
2995
1765
2617
0
552
309
13064
4346
9614
69
1793
4489
6678
0
100
26
15699
8545
337
0
3379
15973
3702
17131
6131
7083
9299
1573
10187
21990
5768
1138
5801
6109
7462
2255
811
377
2292
0
0
3454
6196
981
1701
2688
1978
5330
5899
16444
23891
836
1827
4810
3093
0
0
3620
5254
0
8989
2190
14998
5033
4328
6837
7325
12400
1245
21719
5725
0
386
7124
9593
21588
1899
1286
7702
4984
2931
6526
476
17368
876
23322
5961
0
1377
1112
4022
12162
0
3468
3838
8310
8813
520
62
